31 0.4953125 0.378125 0.05625 0.065625
39 0.5578125 0.3765625 0.059375 0.0625
10 0.0609375 0.5546875 0.0703125 0.075
11 0.13125 0.55625 0.06875 0.078125
12 0.2015625 0.5546875 0.071875 0.0765625
18 0.2703125 0.55625 0.065625 0.078125
19 0.340625 0.5546875 0.065625 0.08125
20 0.409375 0.553125 0.065625 0.078125
6 0.478125 0.5515625 0.065625 0.075
7 0.54375 0.55 0.0625 0.075
8 0.609375 0.5484375 0.0671875 0.078125
12 0.678125 0.55 0.071875 0.0765625
13 0.74375 0.55 0.0703125 0.075
14 0.809375 0.5515625 0.06875 0.078125
46 0.8703125 0.5515625 0.05625 0.075
46 0.93125 0.55 0.0625 0.075