9 0.059375 0.403125 0.0625 0.0734375
10 0.1171875 0.415625 0.0625 0.0671875
11 0.178125 0.4296875 0.0671875 0.075
11 0.2515625 0.44375 0.0578125 0.0765625
12 0.3109375 0.45625 0.065625 0.075
13 0.3734375 0.4703125 0.0671875 0.0796875
12 0.45 0.4875 0.0640625 0.084375
13 0.5125 0.5015625 0.065625 0.078125
14 0.5734375 0.515625 0.0609375 0.0828125
14 0.65 0.5375 0.0609375 0.0828125
15 0.7140625 0.5484375 0.065625 0.0859375
16 0.7765625 0.5625 0.065625 0.0875
17 0.865625 0.5859375 0.059375 0.0828125
17 0.9296875 0.5984375 0.0578125 0.0875