11 0.0578125 0.6 0.075 0.0890625
11 0.1359375 0.5921875 0.075 0.0890625
11 0.2109375 0.5859375 0.071875 0.090625
4 0.2875 0.5796875 0.0734375 0.0890625
4 0.359375 0.5734375 0.06875 0.0890625
4 0.4296875 0.5671875 0.0671875 0.0890625
29 0.503125 0.559375 0.06875 0.084375
29 0.5703125 0.55625 0.071875 0.0875
49 0.6359375 0.5484375 0.0765625 0.08125
49 0.703125 0.546875 0.06875 0.08125
49 0.771875 0.5421875 0.06875 0.08125
25 0.8328125 0.5390625 0.071875 0.0828125
25 0.8921875 0.5375 0.06875 0.084375
25 0.9515625 0.5296875 0.06875 0.075