28 0.0640625 0.55625 0.059375 0.0609375
28 0.1265625 0.5546875 0.0578125 0.059375
1 0.184375 0.5546875 0.059375 0.0625
1 0.246875 0.55625 0.0546875 0.0640625
1 0.3046875 0.559375 0.0546875 0.0625
21 0.365625 0.559375 0.059375 0.0625
22 0.428125 0.5578125 0.0578125 0.0609375
23 0.4875 0.5609375 0.0578125 0.0625
20 0.546875 0.5609375 0.0609375 0.0609375
21 0.609375 0.5625 0.0609375 0.0640625
22 0.66875 0.5640625 0.0625 0.065625
25 0.7328125 0.5640625 0.0609375 0.0625
25 0.7953125 0.5671875 0.065625 0.0671875
25 0.9 0.53125 0.0625 0.0640625