9 0.33125 0.3421875 0.06875 0.0828125
10 0.4015625 0.34375 0.06875 0.0765625
16 0.4859375 0.3453125 0.0625 0.0765625
16 0.5578125 0.34375 0.0625 0.075
14 0.625 0.34375 0.059375 0.0765625
20 0.1140625 0.5046875 0.0953125 0.0859375
20 0.2015625 0.5078125 0.0953125 0.0828125
21 0.2875 0.509375 0.0875 0.08125
23 0.384375 0.509375 0.0765625 0.084375
24 0.4703125 0.509375 0.0828125 0.078125
5 0.5640625 0.5109375 0.0765625 0.084375
4 0.6765625 0.5109375 0.078125 0.0828125
3 0.759375 0.5109375 0.0734375 0.078125
2 0.8515625 0.5109375 0.0859375 0.0796875