31 0.340625 0.475 0.075 0.08125
33 0.4171875 0.465625 0.075 0.08125
28 0.4921875 0.4546875 0.075 0.08125
28 0.5671875 0.4453125 0.078125 0.08125
28 0.64375 0.4390625 0.0734375 0.0859375
28 0.721875 0.3890625 0.071875 0.075
9 0.071875 0.73125 0.084375 0.115625
9 0.165625 0.7171875 0.0875 0.115625
9 0.3390625 0.1609375 0.05625 0.053125
0 0.259375 0.7078125 0.0828125 0.1125
1 0.3484375 0.6953125 0.0859375 0.1125
1 0.5234375 0.6734375 0.0890625 0.1140625
2 0.4375 0.684375 0.0859375 0.1140625
2 0.6109375 0.6640625 0.090625 0.1109375
3 0.6984375 0.6546875 0.0890625 0.109375
10 0.7828125 0.6453125 0.090625 0.109375
11 0.865625 0.634375 0.0875 0.109375
12 0.9421875 0.584375 0.071875 0.09375
20 0.51875 0.1484375 0.0671875 0.046875