16 0.328125 0.5453125 0.0625 0.0609375
46 0.521875 0.540625 0.059375 0.059375
16 0.39375 0.54375 0.0609375 0.0609375
36 0.3484375 0.4203125 0.053125 0.01875
46 0.584375 0.540625 0.0578125 0.0578125
47 0.8328125 0.425 0.0546875 0.0453125
48 0.4625 0.434375 0.053125 0.0484375
14 0.1859375 0.55625 0.065625 0.0640625
48 0.40625 0.434375 0.053125 0.046875
46 0.890625 0.5796875 0.0671875 0.0640625
48 0.5171875 0.434375 0.0515625 0.046875
49 0.5703125 0.4328125 0.0515625 0.046875
47 0.78125 0.4296875 0.053125 0.0453125
30 0.171875 0.421875 0.0578125 0.021875
40 0.23125 0.4203125 0.0546875 0.021875
34 0.2921875 0.421875 0.0546875 0.01875
49 0.6265625 0.4328125 0.0546875 0.046875
49 0.6765625 0.43125 0.0515625 0.046875
47 0.7296875 0.4296875 0.0515625 0.046875
16 0.459375 0.5421875 0.0609375 0.059375
15 0.25625 0.553125 0.0671875 0.0625