27 0.209375 0.415625 0.0828125 0.0734375
28 0.2765625 0.2890625 0.0984375 0.065625
28 0.575 0.3953125 0.096875 0.075
26 0.4921875 0.5953125 0.09375 0.084375
9 0.746875 0.4375 0.09375 0.078125
10 0.840625 0.49375 0.09375 0.084375
10 0.25 0.490625 0.0875 0.08125
8 0.9625 0.5359375 0.075 0.0765625
29 0.365625 0.45625 0.0921875 0.0796875
18 0.8734375 0.41875 0.096875 0.0671875
6 0.6984375 0.5578125 0.0953125 0.0859375
29 0.496875 0.4828125 0.0828125 0.078125
29 0.834375 0.334375 0.10625 0.0609375
29 0.3171875 0.56875 0.0953125 0.084375
46 0.278125 0.3484375 0.1046875 0.046875
17 0.403125 0.325 0.1078125 0.0546875
20 0.5171875 0.2609375 0.10625 0.071875
12 0.5359375 0.3296875 0.1140625 0.0546875
17 0.6125 0.48125 0.1125 0.0765625
22 0.596875 0.64375 0.1234375 0.075