44 0.1640625 0.275 0.0703125 0.0359375
17 0.04375 0.4578125 0.06875 0.0859375
17 0.1140625 0.4578125 0.065625 0.0875
17 0.184375 0.45625 0.0671875 0.090625
0 0.2546875 0.45625 0.065625 0.0859375
0 0.3234375 0.45625 0.06875 0.0875
0 0.39375 0.4515625 0.06875 0.0859375
18 0.4640625 0.4546875 0.065625 0.0890625
18 0.5359375 0.45 0.0671875 0.0859375
18 0.6078125 0.45 0.06875 0.0875
26 0.6765625 0.45 0.0671875 0.090625
26 0.7484375 0.4484375 0.0671875 0.0859375
26 0.8203125 0.446875 0.0671875 0.0890625
8 0.890625 0.446875 0.0703125 0.0875
8 0.9609375 0.446875 0.065625 0.0890625