0 0.075 0.66875 0.075 0.09375
1 0.1546875 0.6609375 0.06875 0.09375
2 0.225 0.65 0.0734375 0.09375
1 0.3 0.6390625 0.071875 0.0890625
2 0.3703125 0.63125 0.071875 0.0921875
3 0.4421875 0.6203125 0.075 0.09375
4 0.5078125 0.6109375 0.071875 0.0875
4 0.575 0.6 0.06875 0.08125
4 0.6421875 0.5921875 0.071875 0.0765625
29 0.70625 0.584375 0.06875 0.078125
29 0.771875 0.578125 0.0703125 0.078125
49 0.83125 0.571875 0.0625 0.0703125
49 0.89375 0.56875 0.0625 0.078125
49 0.9546875 0.5609375 0.06875 0.075
21 0.271875 0.4296875 0.065625 0.0640625
21 0.2890625 0.365625 0.06875 0.05
11 0.2359375 0.2765625 0.059375 0.0546875
10 0.38125 0.428125 0.0796875 0.05
10 0.4 0.34375 0.06875 0.0484375
18 0.5125 0.415625 0.05625 0.065625
25 0.5234375 0.346875 0.0703125 0.0546875
25 0.5328125 0.28125 0.0671875 0.046875
19 0.6296875 0.35625 0.0515625 0.05625
20 0.696875 0.38125 0.06875 0.0375
45 0.690625 0.3359375 0.0640625 0.0453125
28 0.6078125 0.303125 0.0671875 0.04375
10 0.6890625 0.271875 0.059375 0.05
25 0.6328125 0.2328125 0.065625 0.0515625
11 0.4390625 0.2921875 0.071875 0.040625
11 0.434375 0.240625 0.0703125 0.05
12 0.290625 0.209375 0.0609375 0.046875
19 0.3078125 0.1640625 0.059375 0.046875
9 0.5171875 0.2078125 0.0578125 0.0390625
9 0.5875 0.1875 0.0640625 0.0390625
18 0.521875 0.171875 0.071875 0.046875
26 0.4640625 0.1515625 0.0609375 0.0421875