46 0.4140625 0.271875 0.0859375 0.0796875
48 0.4921875 0.290625 0.0796875 0.0828125
49 0.56875 0.3140625 0.0765625 0.0859375
47 0.65 0.334375 0.084375 0.0859375
28 0.7375 0.35625 0.0875 0.090625
27 0.8203125 0.3796875 0.09375 0.090625
29 0.9109375 0.40625 0.0921875 0.10625
18 0.25625 0.315625 0.084375 0.084375
19 0.3328125 0.3375 0.0859375 0.090625
20 0.4109375 0.3625 0.0875 0.0875
21 0.490625 0.3875 0.084375 0.09375
22 0.5703125 0.4125 0.09375 0.1
23 0.659375 0.4359375 0.0875 0.1015625
24 0.746875 0.4640625 0.0921875 0.1046875
25 0.8375 0.49375 0.090625 0.1046875
26 0.9296875 0.5203125 0.090625 0.1046875
1 0.2625 0.4671875 0.075 0.096875
2 0.3359375 0.4890625 0.0796875 0.096875
3 0.415625 0.5109375 0.084375 0.1
4 0.4921875 0.534375 0.0828125 0.1109375
5 0.5765625 0.5609375 0.0796875 0.109375
6 0.659375 0.5875 0.08125 0.109375
7 0.7421875 0.6140625 0.0875 0.109375
8 0.8296875 0.646875 0.0875 0.11875
9 0.0609375 0.5140625 0.0890625 0.103125
10 0.1375 0.5375 0.0828125 0.1015625
11 0.2109375 0.5625 0.084375 0.10625
12 0.2953125 0.59375 0.0828125 0.1078125
13 0.3734375 0.61875 0.084375 0.115625
14 0.4546875 0.6453125 0.0890625 0.10625
15 0.5390625 0.6703125 0.0875 0.11875
16 0.625 0.703125 0.0921875 0.1140625
17 0.7140625 0.7296875 0.084375 0.1125