46 0.0828125 0.540625 0.08125 0.103125
46 0.165625 0.5328125 0.078125 0.096875
46 0.2453125 0.5203125 0.0703125 0.090625
48 0.3234375 0.515625 0.0765625 0.0921875
48 0.4 0.503125 0.078125 0.0953125
48 0.4765625 0.4921875 0.0734375 0.0890625
49 0.553125 0.484375 0.0765625 0.090625
49 0.628125 0.475 0.075 0.0921875
49 0.7015625 0.46875 0.0765625 0.0890625
47 0.775 0.459375 0.078125 0.084375
47 0.85 0.453125 0.0765625 0.0875
47 0.9171875 0.4453125 0.075 0.0875
10 0.515625 0.725 0.084375 0.11875
10 0.5984375 0.715625 0.090625 0.1171875
11 0.3625 0.1515625 0.0859375 0.053125