0 0.0546875 0.6625 0.071875 0.096875
1 0.128125 0.6546875 0.06875 0.096875
2 0.203125 0.6453125 0.0703125 0.0984375
3 0.2765625 0.6375 0.071875 0.1015625
3 0.346875 0.628125 0.0703125 0.0984375
3 0.41875 0.621875 0.071875 0.096875
4 0.4859375 0.6125 0.075 0.09375
4 0.5546875 0.603125 0.071875 0.0921875
5 0.6234375 0.5953125 0.0734375 0.090625
6 0.690625 0.590625 0.075 0.0875
7 0.75625 0.5828125 0.0734375 0.0875
6 0.8265625 0.5765625 0.071875 0.090625
7 0.8859375 0.5703125 0.06875 0.084375
8 0.9515625 0.5640625 0.0765625 0.0875
21 0.4609375 0.196875 0.05625 0.0640625
21 0.5375 0.184375 0.0625 0.05625
3 0.5890625 0.1640625 0.06875 0.0640625
48 0.290625 0.165625 0.06875 0.05625