18 0.0609375 0.3859375 0.0625 0.0765625
18 0.1203125 0.3984375 0.0578125 0.0796875
18 0.184375 0.4125 0.065625 0.0859375
17 0.2609375 0.43125 0.065625 0.0828125
17 0.321875 0.446875 0.0609375 0.0859375
17 0.3859375 0.459375 0.0625 0.0875
5 0.4703125 0.4765625 0.065625 0.0875
5 0.5359375 0.4921875 0.065625 0.090625
5 0.5953125 0.50625 0.0640625 0.0875
48 0.66875 0.5234375 0.065625 0.0890625
48 0.7359375 0.540625 0.0625 0.09375
48 0.8 0.5546875 0.0609375 0.0921875
22 0.8875 0.5796875 0.0625 0.090625
22 0.9515625 0.5921875 0.0640625 0.0890625