18 0.0671875 0.6515625 0.0640625 0.0875
18 0.1359375 0.64375 0.06875 0.0875
18 0.20625 0.634375 0.0625 0.084375
26 0.2734375 0.6296875 0.065625 0.0875
26 0.340625 0.6171875 0.065625 0.0828125
26 0.409375 0.609375 0.0640625 0.090625
8 0.475 0.5984375 0.065625 0.0828125
8 0.540625 0.5875 0.0640625 0.08125
8 0.603125 0.58125 0.0671875 0.0796875
9 0.66875 0.5734375 0.075 0.078125
9 0.73125 0.5671875 0.06875 0.08125
17 0.8 0.5609375 0.0671875 0.078125
17 0.8640625 0.55625 0.071875 0.078125
17 0.934375 0.5234375 0.06875 0.08125
11 0.321875 0.171875 0.05 0.0609375
11 0.3625 0.1953125 0.053125 0.059375
11 0.4046875 0.2296875 0.0578125 0.059375
12 0.4734375 0.2515625 0.06875 0.059375
12 0.5 0.2109375 0.06875 0.05
24 0.578125 0.2265625 0.065625 0.0640625
24 0.53125 0.1765625 0.0703125 0.0515625
24 0.5625 0.1453125 0.065625 0.040625
2 0.625 0.165625 0.053125 0.059375
22 0.1609375 0.1484375 0.0671875 0.0453125
22 0.2140625 0.1703125 0.053125 0.05
22 0.275 0.1515625 0.05 0.05
28 0.4390625 0.1796875 0.065625 0.05
48 0.4859375 0.1453125 0.065625 0.0375
27 0.0953125 0.1421875 0.071875 0.034375
0 0.3953125 0.1453125 0.06875 0.0390625