40 0.1765625 0.3015625 0.0578125 0.0375
30 0.240625 0.29375 0.059375 0.034375
28 0.0765625 0.4984375 0.0609375 0.0796875
28 0.1390625 0.4984375 0.0625 0.0796875
29 0.203125 0.4984375 0.0625 0.08125
29 0.2671875 0.4984375 0.0640625 0.08125
29 0.33125 0.496875 0.0609375 0.0828125
27 0.3953125 0.4984375 0.0609375 0.0828125
27 0.4578125 0.496875 0.0609375 0.0828125
27 0.521875 0.496875 0.0625 0.08125
19 0.5859375 0.4953125 0.0578125 0.0796875
20 0.6484375 0.4921875 0.0609375 0.0796875
21 0.7125 0.4921875 0.0625 0.0828125
26 0.778125 0.490625 0.0640625 0.0828125
25 0.84375 0.4875 0.0671875 0.0828125
24 0.90625 0.4859375 0.065625 0.0828125