28 0.2046875 0.3015625 0.0890625 0.078125
28 0.2921875 0.3109375 0.078125 0.090625
28 0.3734375 0.31875 0.0859375 0.090625
27 0.4609375 0.3234375 0.084375 0.0890625
27 0.5484375 0.33125 0.0859375 0.090625
27 0.640625 0.340625 0.0890625 0.0890625
29 0.7375 0.353125 0.0890625 0.096875
29 0.8390625 0.3625 0.090625 0.1
31 0.103125 0.5625 0.10625 0.1203125
33 0.196875 0.571875 0.109375 0.121875
0 0.2984375 0.5875 0.109375 0.125
1 0.4015625 0.6046875 0.1109375 0.134375
2 0.50625 0.621875 0.1109375 0.1375
1 0.6140625 0.64375 0.1125 0.146875
2 0.7296875 0.6671875 0.1109375 0.15
3 0.8515625 0.690625 0.1171875 0.15625