31 0.53125 0.375 0.059375 0.0640625
33 0.590625 0.375 0.0625 0.0625
35 0.653125 0.3765625 0.0625 0.0625
37 0.7125 0.3765625 0.065625 0.059375
11 0.0453125 0.5875 0.078125 0.090625
11 0.1203125 0.5859375 0.075 0.090625
11 0.196875 0.584375 0.075 0.0875
12 0.271875 0.58125 0.06875 0.0875
13 0.3484375 0.5796875 0.071875 0.084375
14 0.421875 0.58125 0.06875 0.0875
24 0.49375 0.578125 0.075 0.090625
25 0.5640625 0.5765625 0.06875 0.084375
26 0.634375 0.5734375 0.0671875 0.084375
4 0.703125 0.571875 0.0734375 0.0796875
4 0.771875 0.571875 0.0734375 0.0796875
4 0.834375 0.571875 0.06875 0.0828125
29 0.8953125 0.571875 0.0625 0.08125
29 0.9578125 0.5703125 0.071875 0.078125