44 0.2140625 0.278125 0.053125 0.03125
9 0.10625 0.49375 0.0578125 0.0765625
17 0.1640625 0.49375 0.05625 0.071875
0 0.2234375 0.49375 0.0578125 0.0734375
8 0.2828125 0.49375 0.0546875 0.075
18 0.340625 0.49375 0.0578125 0.071875
26 0.4 0.49375 0.05625 0.0765625
46 0.459375 0.4921875 0.0578125 0.0734375
48 0.515625 0.490625 0.0546875 0.075
49 0.5765625 0.4875 0.059375 0.071875
47 0.6359375 0.4859375 0.0578125 0.071875
28 0.6953125 0.484375 0.0546875 0.071875
27 0.75625 0.4828125 0.0578125 0.0703125
29 0.8171875 0.484375 0.0578125 0.075
29 0.8796875 0.48125 0.0609375 0.0734375