34 0.1875 0.3078125 0.059375 0.028125
28 0.0953125 0.48125 0.059375 0.0765625
28 0.153125 0.4828125 0.0578125 0.0765625
28 0.2140625 0.484375 0.0578125 0.075
47 0.2734375 0.4859375 0.0578125 0.0734375
47 0.3328125 0.4859375 0.0546875 0.0765625
47 0.390625 0.4875 0.05625 0.075
48 0.4515625 0.4890625 0.0578125 0.078125
48 0.5125 0.4859375 0.05625 0.078125
48 0.571875 0.484375 0.059375 0.0765625
46 0.63125 0.48125 0.0578125 0.075
46 0.6921875 0.484375 0.0578125 0.075
46 0.7515625 0.48125 0.059375 0.075
49 0.8140625 0.4796875 0.0578125 0.0734375
49 0.875 0.4796875 0.0578125 0.0765625