25 0.0484375 0.3921875 0.0640625 0.0765625
25 0.1046875 0.403125 0.059375 0.078125
25 0.1640625 0.4140625 0.0625 0.075
26 0.221875 0.425 0.065625 0.078125
26 0.28125 0.4390625 0.0671875 0.078125
26 0.34375 0.4546875 0.0703125 0.08125
46 0.4109375 0.46875 0.0703125 0.084375
46 0.4765625 0.4859375 0.06875 0.084375
46 0.546875 0.5015625 0.0765625 0.0875
20 0.61875 0.5171875 0.075 0.096875
20 0.6921875 0.5375 0.08125 0.0921875
20 0.775 0.5546875 0.0796875 0.09375
24 0.8546875 0.5734375 0.0828125 0.096875
24 0.94375 0.590625 0.0859375 0.1