44 0.159375 0.2328125 0.065625 0.0375
27 0.065625 0.403125 0.065625 0.0859375
27 0.13125 0.403125 0.0625 0.0828125
27 0.1984375 0.403125 0.0625 0.0859375
29 0.2625 0.4015625 0.0609375 0.084375
29 0.328125 0.4015625 0.0625 0.084375
29 0.39375 0.4 0.065625 0.0828125
28 0.459375 0.4015625 0.0640625 0.0859375
28 0.5265625 0.4015625 0.0671875 0.0859375
28 0.59375 0.4 0.065625 0.0828125
19 0.6609375 0.4015625 0.0625 0.084375
20 0.7265625 0.403125 0.065625 0.084375
21 0.79375 0.3984375 0.0625 0.0828125
17 0.8625 0.4015625 0.0625 0.0875
17 0.9296875 0.4 0.0625 0.084375