10 0.0921875 0.7421875 0.078125 0.090625
11 0.16875 0.7234375 0.06875 0.090625
12 0.2390625 0.7078125 0.065625 0.0890625
5 0.309375 0.6953125 0.071875 0.090625
6 0.3796875 0.68125 0.0703125 0.090625
7 0.4453125 0.66875 0.0703125 0.090625
24 0.5125 0.65625 0.071875 0.0875
25 0.5765625 0.6453125 0.06875 0.0875
26 0.640625 0.6328125 0.071875 0.08125
3 0.703125 0.625 0.071875 0.0765625
3 0.765625 0.6125 0.065625 0.078125
15 0.8265625 0.60625 0.0609375 0.075
14 0.8828125 0.6 0.0625 0.0765625
13 0.94375 0.590625 0.06875 0.078125