44 0.271875 0.3890625 0.0609375 0.0359375
30 0.3390625 0.3859375 0.059375 0.0328125
34 0.4 0.3859375 0.0578125 0.0328125
9 0.0859375 0.5796875 0.0625 0.0828125
9 0.15 0.578125 0.0625 0.0796875
9 0.2140625 0.5765625 0.0625 0.08125
10 0.2796875 0.575 0.0640625 0.0828125
11 0.3453125 0.571875 0.0640625 0.078125
12 0.4109375 0.571875 0.0640625 0.08125
13 0.475 0.571875 0.0609375 0.0859375
14 0.5390625 0.56875 0.0609375 0.0828125
15 0.60625 0.5671875 0.0625 0.08125
16 0.6734375 0.5671875 0.065625 0.0828125
17 0.7390625 0.5640625 0.0640625 0.08125
17 0.8078125 0.559375 0.065625 0.08125
17 0.8765625 0.5578125 0.0625 0.0828125
12 0.940625 0.5578125 0.0625 0.0828125