18 0.0625 0.5046875 0.059375 0.075
18 0.121875 0.503125 0.0578125 0.078125
18 0.1875 0.503125 0.0625 0.075
17 0.2609375 0.5046875 0.059375 0.0796875
17 0.3203125 0.5046875 0.0578125 0.078125
17 0.3828125 0.5046875 0.059375 0.075
5 0.45625 0.50625 0.0578125 0.0765625
5 0.515625 0.5046875 0.0578125 0.0765625
5 0.5765625 0.5046875 0.059375 0.0765625
48 0.6515625 0.5046875 0.059375 0.078125
48 0.7125 0.50625 0.05625 0.078125
48 0.775 0.50625 0.059375 0.078125
22 0.859375 0.5078125 0.0578125 0.078125
22 0.925 0.5078125 0.0609375 0.078125