32 0.178125 0.2953125 0.05625 0.03125
40 0.2359375 0.29375 0.0578125 0.0296875
14 0.10625 0.5 0.059375 0.0765625
14 0.1671875 0.5 0.0546875 0.0765625
9 0.23125 0.4984375 0.05625 0.0765625
10 0.2890625 0.4984375 0.0546875 0.0765625
11 0.3515625 0.5 0.0609375 0.0765625
13 0.415625 0.496875 0.059375 0.078125
13 0.4765625 0.496875 0.059375 0.0765625
13 0.5375 0.49375 0.0546875 0.078125
14 0.596875 0.490625 0.05625 0.0796875
15 0.659375 0.4921875 0.0609375 0.0796875
16 0.71875 0.4875 0.0609375 0.075
15 0.7796875 0.4859375 0.05625 0.078125
16 0.8390625 0.484375 0.0609375 0.0765625
17 0.9015625 0.48125 0.0578125 0.0765625