36 0.196875 0.340625 0.0640625 0.0328125
11 0.065625 0.4953125 0.059375 0.0796875
9 0.128125 0.496875 0.0625 0.0796875
10 0.190625 0.4953125 0.0625 0.0796875
4 0.2546875 0.49375 0.059375 0.0796875
5 0.315625 0.4953125 0.0625 0.08125
6 0.38125 0.49375 0.0609375 0.0765625
23 0.4421875 0.4921875 0.059375 0.078125
24 0.5046875 0.49375 0.0609375 0.08125
25 0.56875 0.49375 0.0609375 0.0796875
5 0.63125 0.49375 0.0625 0.0796875
7 0.6953125 0.4921875 0.0609375 0.0796875
6 0.7578125 0.49375 0.0609375 0.0828125
29 0.825 0.4921875 0.0609375 0.078125
29 0.8890625 0.4921875 0.0625 0.08125