5 0.075 0.4921875 0.05625 0.0796875
4 0.1359375 0.4921875 0.059375 0.0796875
6 0.1984375 0.4890625 0.0609375 0.0796875
19 0.259375 0.4875 0.0609375 0.0796875
20 0.31875 0.4859375 0.0609375 0.0765625
21 0.3796875 0.4859375 0.0609375 0.078125
9 0.440625 0.4828125 0.0546875 0.0765625
10 0.5015625 0.4828125 0.0625 0.0765625
11 0.5640625 0.48125 0.05625 0.0765625
25 0.6234375 0.4796875 0.0578125 0.0765625
25 0.6859375 0.48125 0.0609375 0.0796875
25 0.7484375 0.478125 0.059375 0.0765625
18 0.8109375 0.4796875 0.0578125 0.0796875
18 0.8703125 0.4796875 0.0578125 0.078125