9 0.1671875 0.3484375 0.090625 0.109375
9 0.259375 0.3296875 0.090625 0.1046875
9 0.35 0.3203125 0.09375 0.10625
9 0.4421875 0.3078125 0.0953125 0.1078125
11 0.5859375 0.2796875 0.0890625 0.096875
11 0.671875 0.271875 0.096875 0.1
11 0.75625 0.2609375 0.090625 0.09375
11 0.8421875 0.25 0.096875 0.0875
25 0.1375 0.6796875 0.13125 0.1375
25 0.3375 0.64375 0.1046875 0.1390625
3 0.440625 0.621875 0.109375 0.1359375
4 0.5453125 0.5984375 0.109375 0.13125
5 0.6421875 0.58125 0.1109375 0.128125
20 0.740625 0.5640625 0.1109375 0.1375
21 0.8390625 0.5484375 0.109375 0.128125
22 0.9375 0.5265625 0.1015625 0.1125