30 0.190625 0.278125 0.0609375 0.0296875
32 0.2484375 0.278125 0.0578125 0.0296875
34 0.3078125 0.275 0.059375 0.03125
36 0.36875 0.2734375 0.0578125 0.0296875
38 0.428125 0.2734375 0.0578125 0.0328125
40 0.490625 0.271875 0.0609375 0.0328125
42 0.55 0.26875 0.059375 0.034375
28 0.1078125 0.465625 0.0546875 0.075
28 0.1703125 0.4640625 0.059375 0.075
9 0.23125 0.4625 0.059375 0.075
10 0.290625 0.4625 0.0546875 0.0765625
11 0.3515625 0.4625 0.0609375 0.075
4 0.4140625 0.4625 0.0578125 0.0765625
5 0.4734375 0.4609375 0.0578125 0.0765625
6 0.5359375 0.4578125 0.0609375 0.075
23 0.59375 0.4578125 0.0546875 0.075
24 0.6578125 0.4546875 0.0609375 0.075
25 0.71875 0.453125 0.053125 0.0765625
5 0.7796875 0.4515625 0.059375 0.075
5 0.8421875 0.453125 0.059375 0.0796875
5 0.9046875 0.45 0.0609375 0.078125