31 0.4140625 0.3921875 0.059375 0.065625
33 0.478125 0.390625 0.0625 0.071875
35 0.5390625 0.3875 0.059375 0.0671875
37 0.6 0.3859375 0.059375 0.06875
39 0.6625 0.3859375 0.065625 0.0703125
41 0.725 0.384375 0.0640625 0.06875
43 0.7859375 0.3828125 0.0640625 0.065625
11 0.04375 0.621875 0.075 0.090625
11 0.1140625 0.61875 0.0734375 0.090625
11 0.1875 0.6140625 0.0703125 0.0875
12 0.2578125 0.6109375 0.0703125 0.0890625
13 0.33125 0.609375 0.0734375 0.090625
14 0.4046875 0.603125 0.06875 0.090625
24 0.475 0.5984375 0.06875 0.0921875
25 0.5453125 0.5953125 0.0703125 0.09375
26 0.6140625 0.5921875 0.075 0.0890625
4 0.684375 0.5890625 0.071875 0.0875
4 0.75625 0.5890625 0.075 0.0875
4 0.825 0.5828125 0.075 0.0859375
29 0.8890625 0.58125 0.065625 0.0859375
29 0.95625 0.5796875 0.0734375 0.0890625