22 0.1890625 0.3546875 0.0796875 0.1
22 0.275 0.353125 0.0859375 0.09375
22 0.3625 0.346875 0.08125 0.09375
22 0.4453125 0.34375 0.0765625 0.0984375
10 0.534375 0.3390625 0.084375 0.096875
10 0.61875 0.3328125 0.0859375 0.1
10 0.7046875 0.328125 0.0890625 0.096875
10 0.7875 0.3234375 0.0875 0.096875
28 0.1 0.56875 0.090625 0.1171875
28 0.19375 0.5625 0.0859375 0.115625
28 0.2859375 0.553125 0.090625 0.1140625
28 0.3796875 0.546875 0.0859375 0.115625
7 0.4734375 0.5390625 0.09375 0.1125
7 0.565625 0.534375 0.0921875 0.115625
7 0.6578125 0.528125 0.0953125 0.1109375
7 0.753125 0.525 0.09375 0.115625
3 0.8453125 0.51875 0.0953125 0.1171875
3 0.934375 0.5109375 0.096875 0.1171875