28 0.0546875 0.528125 0.0578125 0.040625
28 0.1109375 0.5359375 0.0546875 0.04375
1 0.1640625 0.5453125 0.0546875 0.04375
1 0.2171875 0.5515625 0.0578125 0.0421875
1 0.2703125 0.5609375 0.05625 0.0484375
21 0.328125 0.56875 0.059375 0.04375
22 0.384375 0.578125 0.059375 0.046875
23 0.440625 0.584375 0.0625 0.04375
20 0.496875 0.59375 0.0546875 0.0484375
21 0.55625 0.603125 0.0609375 0.046875
22 0.6171875 0.609375 0.0609375 0.0484375
25 0.6765625 0.6203125 0.0640625 0.0515625
25 0.7390625 0.63125 0.0609375 0.05