25 0.09375 0.25625 0.0609375 0.0546875
24 0.1453125 0.2609375 0.0546875 0.05625
23 0.2 0.2625 0.0546875 0.0546875
22 0.2578125 0.2640625 0.05625 0.05625
21 0.3125 0.2578125 0.0546875 0.0578125
20 0.36875 0.2625 0.0578125 0.05625
19 0.425 0.2609375 0.0546875 0.0546875
18 0.4796875 0.2703125 0.053125 0.05625
47 0.5890625 0.2703125 0.05625 0.0578125
49 0.6453125 0.2703125 0.05625 0.05625
29 0.7015625 0.2703125 0.0609375 0.0546875
27 0.759375 0.278125 0.0625 0.0578125
28 0.8140625 0.26875 0.0640625 0.05625
26 0.8703125 0.2671875 0.0625 0.05625
13 0.175 0.396875 0.0609375 0.0640625
12 0.234375 0.4046875 0.059375 0.065625
11 0.2953125 0.409375 0.0609375 0.065625
10 0.3546875 0.4109375 0.0609375 0.065625
9 0.415625 0.3953125 0.059375 0.0640625
48 0.4765625 0.4015625 0.0578125 0.065625
46 0.5890625 0.3921875 0.059375 0.0671875
17 0.6515625 0.409375 0.0625 0.065625
16 0.7140625 0.4234375 0.065625 0.0671875
15 0.775 0.4234375 0.065625 0.065625
14 0.8328125 0.3984375 0.06875 0.065625
32 0.253125 0.5734375 0.065625 0.028125
34 0.3171875 0.5734375 0.065625 0.025
44 0.384375 0.5734375 0.0625 0.03125
42 0.45 0.571875 0.0640625 0.0296875
30 0.56875 0.5796875 0.0671875 0.03125
36 0.634375 0.5796875 0.06875 0.028125
40 0.6984375 0.571875 0.0703125 0.0328125
38 0.7703125 0.5703125 0.0640625 0.0328125
4 0.159375 0.7171875 0.0734375 0.09375
3 0.228125 0.725 0.071875 0.090625
2 0.3 0.7203125 0.06875 0.0921875
1 0.371875 0.7328125 0.0734375 0.09375
0 0.44375 0.7265625 0.06875 0.0953125
8 0.5796875 0.7140625 0.071875 0.09375
7 0.6515625 0.7140625 0.071875 0.09375
6 0.721875 0.7046875 0.071875 0.0921875
5 0.79375 0.70625 0.0765625 0.0921875