47 0.109375 0.4734375 0.0703125 0.06875
24 0.1671875 0.4734375 0.06875 0.06875
25 0.228125 0.475 0.0671875 0.06875
0 0.2875 0.475 0.065625 0.065625
36 0.346875 0.4546875 0.0625 0.0265625
21 0.40625 0.4765625 0.059375 0.065625
38 0.4640625 0.4578125 0.05625 0.0296875
26 0.521875 0.4765625 0.053125 0.065625
44 0.5796875 0.496875 0.0546875 0.028125
8 0.6375 0.478125 0.053125 0.065625
15 0.69375 0.4796875 0.05625 0.0671875
7 0.753125 0.4796875 0.059375 0.0671875
6 0.8109375 0.48125 0.05625 0.0671875
16 0.871875 0.484375 0.0640625 0.06875