3 0.084375 0.46875 0.0796875 0.071875
4 0.1484375 0.46875 0.0734375 0.0703125
5 0.2125 0.46875 0.071875 0.0703125
6 0.2765625 0.46875 0.071875 0.0703125
7 0.3390625 0.46875 0.0640625 0.071875
47 0.403125 0.4671875 0.065625 0.0703125
0 0.465625 0.46875 0.0640625 0.0703125
1 0.528125 0.46875 0.059375 0.0703125
2 0.5890625 0.4703125 0.059375 0.0734375
8 0.653125 0.471875 0.0609375 0.071875
28 0.715625 0.471875 0.0625 0.0734375
27 0.7765625 0.475 0.065625 0.0703125
29 0.840625 0.475 0.0671875 0.06875
49 0.9078125 0.4765625 0.075 0.0734375