3 0.1171875 0.53125 0.0625 0.0765625
4 0.178125 0.53125 0.0640625 0.075
5 0.2375 0.5296875 0.0609375 0.075
6 0.296875 0.528125 0.0578125 0.0734375
7 0.35625 0.5296875 0.059375 0.075
47 0.415625 0.528125 0.0578125 0.075
0 0.4734375 0.528125 0.05625 0.075
1 0.53125 0.528125 0.05625 0.0734375
2 0.5890625 0.528125 0.0578125 0.071875
8 0.6484375 0.5265625 0.0578125 0.075
28 0.709375 0.528125 0.059375 0.075
27 0.76875 0.528125 0.059375 0.075
29 0.8265625 0.528125 0.059375 0.075
49 0.8875 0.5296875 0.0609375 0.075