18 0.096875 0.29375 0.05625 0.075
19 0.15625 0.296875 0.05625 0.0765625
20 0.21875 0.3 0.05625 0.0734375
21 0.2796875 0.2953125 0.0578125 0.075
22 0.3390625 0.2984375 0.0578125 0.0734375
23 0.4 0.3 0.0578125 0.075
24 0.4625 0.29375 0.059375 0.075
25 0.5234375 0.2953125 0.0578125 0.0734375
26 0.5859375 0.29375 0.059375 0.075
28 0.6484375 0.2859375 0.059375 0.0734375
27 0.709375 0.2796875 0.0578125 0.0734375
29 0.7734375 0.2828125 0.0578125 0.0734375
49 0.834375 0.2765625 0.059375 0.0734375
47 0.8984375 0.278125 0.0578125 0.075
46 0.7859375 0.4109375 0.0546875 0.078125
48 0.846875 0.4140625 0.0578125 0.0765625
9 0.1 0.409375 0.0546875 0.075
10 0.1609375 0.4109375 0.0578125 0.071875
11 0.2203125 0.4140625 0.05625 0.071875
12 0.2828125 0.4125 0.0578125 0.075
13 0.3453125 0.4125 0.059375 0.075
14 0.40625 0.4140625 0.059375 0.0765625
15 0.4671875 0.4140625 0.059375 0.0734375
16 0.5296875 0.4125 0.0609375 0.0765625
17 0.5921875 0.4125 0.059375 0.0734375
0 0.2015625 0.6890625 0.059375 0.0796875
1 0.265625 0.6890625 0.059375 0.08125
2 0.328125 0.6921875 0.0609375 0.0796875
3 0.3921875 0.6875 0.0609375 0.08125
4 0.4546875 0.6875 0.0609375 0.0796875
5 0.51875 0.6875 0.059375 0.08125
6 0.5828125 0.690625 0.0609375 0.0796875
7 0.6453125 0.690625 0.0609375 0.08125
8 0.7109375 0.6890625 0.0625 0.0796875
30 0.678125 0.5109375 0.0609375 0.028125
32 0.425 0.51875 0.0609375 0.0296875
34 0.3640625 0.5203125 0.05625 0.028125
36 0.615625 0.5078125 0.0640625 0.0234375
38 0.4890625 0.51875 0.0609375 0.0296875
40 0.5515625 0.515625 0.0609375 0.0296875
42 0.2390625 0.5234375 0.05625 0.0296875
44 0.3 0.5203125 0.0578125 0.028125