22 0.1609375 0.5171875 0.0640625 0.08125
21 0.225 0.5171875 0.0625 0.08125
20 0.2875 0.5171875 0.059375 0.08125
19 0.35 0.51875 0.0625 0.08125
18 0.4140625 0.5203125 0.0609375 0.0796875
26 0.4765625 0.5203125 0.059375 0.0796875
25 0.5359375 0.521875 0.0609375 0.0796875
24 0.5984375 0.521875 0.059375 0.0796875
23 0.659375 0.5234375 0.059375 0.0796875
46 0.9109375 0.528125 0.0609375 0.08125
33 0.0984375 0.515625 0.0625 0.08125
45 0.721875 0.5234375 0.0609375 0.08125
41 0.784375 0.525 0.059375 0.08125
43 0.846875 0.5265625 0.0609375 0.0796875