49 0.0953125 0.4703125 0.0734375 0.0703125
10 0.15625 0.46875 0.0734375 0.0671875
20 0.2171875 0.46875 0.06875 0.0671875
9 0.2796875 0.4671875 0.0703125 0.06875
12 0.3390625 0.46875 0.0640625 0.0703125
14 0.4 0.46875 0.0609375 0.06875
17 0.459375 0.4703125 0.0578125 0.0671875
13 0.51875 0.471875 0.0578125 0.06875
42 0.58125 0.4515625 0.05625 0.028125
23 0.6390625 0.471875 0.0546875 0.0671875
48 0.6984375 0.4734375 0.0625 0.0671875
34 0.7578125 0.49375 0.0609375 0.028125
5 0.8171875 0.4734375 0.065625 0.0671875
40 0.88125 0.45625 0.05625 0.0296875