9 0.1859375 0.4203125 0.0578125 0.0609375
10 0.2375 0.41875 0.053125 0.0578125
11 0.284375 0.421875 0.0515625 0.059375
12 0.3328125 0.425 0.0515625 0.0578125
13 0.3796875 0.4296875 0.053125 0.0609375
14 0.4296875 0.43125 0.05 0.059375
15 0.4796875 0.43125 0.046875 0.059375
16 0.5546875 0.4296875 0.0453125 0.059375
17 0.609375 0.43125 0.0453125 0.059375
46 0.6578125 0.4296875 0.0484375 0.059375
48 0.70625 0.43125 0.046875 0.059375
18 0.065625 0.5375 0.0828125 0.0765625
19 0.1328125 0.5375 0.078125 0.075
20 0.2 0.540625 0.0765625 0.0765625
21 0.265625 0.5421875 0.0734375 0.075
22 0.334375 0.5421875 0.071875 0.075
23 0.4015625 0.54375 0.06875 0.0734375
24 0.4703125 0.5421875 0.0640625 0.0734375
25 0.5359375 0.5375 0.059375 0.071875
26 0.6015625 0.540625 0.0625 0.0734375
28 0.66875 0.5421875 0.0671875 0.071875
27 0.73125 0.540625 0.0640625 0.0734375
29 0.7984375 0.5421875 0.0609375 0.075
49 0.865625 0.5421875 0.0625 0.0734375
47 0.9328125 0.546875 0.071875 0.075