7 0.11875 0.5265625 0.0640625 0.08125
6 0.1828125 0.5265625 0.0625 0.08125
5 0.2453125 0.5265625 0.0640625 0.08125
4 0.3078125 0.525 0.0609375 0.0796875
3 0.3703125 0.525 0.0625 0.08125
2 0.4328125 0.525 0.0609375 0.08125
1 0.4953125 0.525 0.059375 0.08125
0 0.55625 0.525 0.059375 0.08125
47 0.6203125 0.525 0.0609375 0.0796875
49 0.68125 0.525 0.0625 0.0796875
29 0.7453125 0.5265625 0.0609375 0.0796875
27 0.809375 0.5265625 0.0609375 0.0796875
28 0.871875 0.5265625 0.0609375 0.08125
8 0.9359375 0.5265625 0.0609375 0.08125