26 0.0921875 0.4953125 0.071875 0.0671875
38 0.1578125 0.5125 0.0640625 0.03125
21 0.2140625 0.4953125 0.06875 0.0671875
36 0.278125 0.5171875 0.0578125 0.0234375
0 0.3359375 0.4953125 0.0640625 0.0671875
25 0.3953125 0.4953125 0.0609375 0.065625
24 0.45625 0.4953125 0.059375 0.065625
47 0.515625 0.49375 0.05625 0.065625
16 0.5734375 0.49375 0.059375 0.0671875
6 0.6328125 0.49375 0.0546875 0.065625
7 0.6890625 0.4953125 0.05625 0.065625
15 0.7515625 0.4953125 0.0609375 0.065625
8 0.8078125 0.4953125 0.0640625 0.0671875
44 0.86875 0.478125 0.065625 0.03125