33 0.090625 0.4703125 0.08125 0.0703125
22 0.1546875 0.4703125 0.0765625 0.06875
21 0.21875 0.4703125 0.071875 0.0671875
20 0.28125 0.4703125 0.0671875 0.06875
19 0.34375 0.4703125 0.06875 0.0671875
18 0.40625 0.4703125 0.0625 0.065625
26 0.4671875 0.4703125 0.0609375 0.065625
25 0.528125 0.471875 0.0609375 0.0671875
24 0.5890625 0.471875 0.059375 0.065625
23 0.6484375 0.471875 0.0578125 0.0671875
45 0.7109375 0.4734375 0.059375 0.065625
41 0.7703125 0.475 0.065625 0.06875
43 0.8296875 0.475 0.0640625 0.0640625
46 0.890625 0.4765625 0.0640625 0.0671875