19 0.0984375 0.45625 0.078125 0.0703125
20 0.1578125 0.45625 0.0765625 0.0703125
21 0.2234375 0.45625 0.071875 0.0703125
22 0.2859375 0.45625 0.0703125 0.06875
33 0.3484375 0.4578125 0.06875 0.0703125
24 0.4109375 0.4578125 0.0640625 0.0703125
25 0.4734375 0.4578125 0.0609375 0.06875
26 0.5359375 0.4578125 0.0609375 0.0703125
18 0.5984375 0.459375 0.059375 0.06875
46 0.659375 0.4609375 0.0609375 0.0671875
43 0.721875 0.4609375 0.0625 0.06875
41 0.784375 0.4609375 0.0625 0.06875
45 0.846875 0.4625 0.0671875 0.06875
23 0.9078125 0.4625 0.06875 0.06875