32 0.2703125 0.265625 0.05 0.0203125
34 0.3234375 0.2640625 0.0515625 0.025
44 0.3875 0.2765625 0.05 0.025
42 0.4421875 0.275 0.0546875 0.021875
30 0.54375 0.265625 0.05 0.025
36 0.596875 0.2703125 0.05 0.0203125
40 0.65 0.265625 0.0515625 0.025
38 0.7046875 0.2671875 0.053125 0.0265625
4 0.215625 0.371875 0.0546875 0.0609375
3 0.271875 0.3703125 0.0546875 0.0609375
2 0.33125 0.359375 0.053125 0.0609375
1 0.3875 0.3578125 0.0546875 0.0609375
0 0.4453125 0.365625 0.0546875 0.0625
8 0.578125 0.3609375 0.0546875 0.065625
7 0.6359375 0.3640625 0.0546875 0.0640625
6 0.6921875 0.3671875 0.0546875 0.0625
5 0.75 0.371875 0.05625 0.065625
25 0.06875 0.5078125 0.065625 0.071875
24 0.128125 0.5140625 0.059375 0.071875
23 0.190625 0.5171875 0.0625 0.0703125
22 0.25 0.5171875 0.059375 0.071875
21 0.3125 0.5078125 0.0609375 0.0703125
20 0.375 0.5125 0.059375 0.0703125
19 0.4359375 0.509375 0.059375 0.0703125
18 0.4953125 0.5203125 0.0578125 0.071875
47 0.5984375 0.4984375 0.0640625 0.0703125
49 0.659375 0.496875 0.06875 0.071875
29 0.7171875 0.4828125 0.065625 0.0703125
27 0.7765625 0.4796875 0.06875 0.0703125
28 0.8359375 0.471875 0.0703125 0.0703125
26 0.896875 0.46875 0.075 0.0703125
13 0.1484375 0.6875 0.065625 0.0875
12 0.21875 0.66875 0.0703125 0.084375
11 0.2828125 0.6859375 0.065625 0.0828125
10 0.35 0.678125 0.065625 0.084375
9 0.415625 0.6921875 0.0671875 0.0875
48 0.5328125 0.678125 0.0640625 0.0875
46 0.6 0.68125 0.065625 0.084375
17 0.6640625 0.6734375 0.0671875 0.084375
16 0.7328125 0.6765625 0.0703125 0.084375
15 0.796875 0.6671875 0.071875 0.0828125
14 0.8640625 0.6703125 0.0734375 0.084375