11 0.0765625 0.521875 0.065625 0.08125
12 0.1421875 0.521875 0.0671875 0.08125
13 0.20625 0.521875 0.0609375 0.08125
37 0.26875 0.521875 0.0609375 0.0796875
35 0.3328125 0.525 0.0625 0.08125
16 0.396875 0.5265625 0.0625 0.08125
17 0.4578125 0.5265625 0.059375 0.08125
9 0.5203125 0.528125 0.0625 0.0796875
10 0.5828125 0.528125 0.0625 0.0796875
48 0.6484375 0.53125 0.0609375 0.0796875
39 0.7078125 0.5296875 0.059375 0.078125
31 0.7703125 0.53125 0.059375 0.078125
14 0.834375 0.534375 0.0609375 0.0796875
15 0.8953125 0.534375 0.059375 0.078125