20 0.121875 0.3 0.0984375 0.0625
7 0.1234375 0.38125 0.103125 0.075
25 0.1046875 0.4625 0.1078125 0.075
15 0.1171875 0.5453125 0.10625 0.08125
29 0.1140625 0.634375 0.1109375 0.084375
47 0.0859375 0.7296875 0.109375 0.090625
4 0.334375 0.265625 0.0953125 0.06875
18 0.3140625 0.3640625 0.1 0.071875
10 0.3125 0.4421875 0.103125 0.0734375
4 0.3265625 0.5234375 0.10625 0.078125
49 0.321875 0.6125 0.109375 0.0796875
16 0.33125 0.71875 0.115625 0.0890625
23 0.6625 0.2890625 0.096875 0.065625
13 0.6671875 0.365625 0.1 0.0703125
19 0.6640625 0.4546875 0.1078125 0.0765625
7 0.65 0.540625 0.1109375 0.08125
1 0.6828125 0.634375 0.109375 0.084375
1 0.846875 0.5515625 0.10625 0.08125
22 0.7 0.734375 0.115625 0.0859375
22 0.91875 0.73125 0.1078125 0.084375
14 0.8796875 0.2953125 0.1015625 0.06875
7 0.8703125 0.3765625 0.103125 0.0703125
25 0.8546875 0.4625 0.1078125 0.0765625
11 0.8515625 0.64375 0.10625 0.084375