20 0.384375 0.159375 0.1 0.0828125
49 0.5109375 0.159375 0.1109375 0.075
28 0.6234375 0.21875 0.09375 0.084375
4 0.4875 0.240625 0.1109375 0.078125
46 0.3390625 0.2453125 0.0859375 0.0921875
17 0.2375 0.3625 0.1140625 0.0796875
9 0.3984375 0.321875 0.096875 0.1046875
4 0.5515625 0.325 0.1078125 0.084375
9 0.778125 0.353125 0.10625 0.109375
19 0.6703125 0.396875 0.096875 0.1078125
16 0.4765625 0.425 0.0859375 0.1109375
41 0.584375 0.434375 0.0890625 0.1125
2 0.3453125 0.4234375 0.115625 0.0875
13 0.321875 0.5328125 0.0875 0.1140625
6 0.5125 0.540625 0.1109375 0.0953125
47 0.678125 0.5359375 0.103125 0.1125
29 0.7859375 0.49375 0.1125 0.121875
40 0.603125 0.5984375 0.0703125 0.0828125
46 0.4546875 0.6703125 0.1046875 0.128125
26 0.2796875 0.646875 0.1203125 0.109375