9 0.134375 0.3921875 0.0296875 0.0484375
9 0.1609375 0.3890625 0.028125 0.05
10 0.1953125 0.3625 0.0328125 0.0546875
10 0.228125 0.353125 0.03125 0.0546875
14 0.1296875 0.4546875 0.0296875 0.0515625
14 0.159375 0.4484375 0.028125 0.0515625
15 0.190625 0.4375 0.028125 0.0546875
15 0.225 0.4203125 0.0328125 0.059375
17 0.11875 0.53125 0.028125 0.053125
17 0.15 0.5203125 0.028125 0.0546875
13 0.184375 0.5140625 0.0296875 0.059375
13 0.2203125 0.4890625 0.0328125 0.0625
12 0.109375 0.603125 0.028125 0.0578125
12 0.140625 0.59375 0.028125 0.0609375
16 0.18125 0.5875 0.0328125 0.0640625
16 0.2140625 0.5890625 0.034375 0.065625
11 0.0984375 0.6890625 0.028125 0.0609375
11 0.1296875 0.6875 0.0296875 0.065625