48 0.1609375 0.2609375 0.1 0.0609375
12 0.16875 0.3484375 0.1078125 0.0640625
5 0.15625 0.425 0.1140625 0.06875
8 0.15625 0.5125 0.1171875 0.084375
7 0.1359375 0.628125 0.1234375 0.0984375
24 0.103125 0.75 0.1296875 0.115625
24 0.375 0.246875 0.1046875 0.059375
8 0.375 0.3203125 0.1046875 0.065625
2 0.3546875 0.4078125 0.1125 0.0703125
29 0.359375 0.4921875 0.1203125 0.0796875
3 0.340625 0.6015625 0.1234375 0.0921875
4 0.340625 0.74375 0.140625 0.10625
23 0.6015625 0.2703125 0.1 0.0625
46 0.625 0.35625 0.1125 0.0703125
25 0.6453125 0.4421875 0.1171875 0.08125
48 0.6484375 0.540625 0.1265625 0.0859375
49 0.665625 0.6515625 0.1375 0.1
5 0.675 0.7734375 0.14375 0.1109375
13 0.7921875 0.25625 0.109375 0.0609375
14 0.8125 0.340625 0.1171875 0.0703125
29 0.8078125 0.4203125 0.1203125 0.08125
29 0.8328125 0.64375 0.134375 0.103125
6 0.8203125 0.53125 0.128125 0.090625
21 0.8609375 0.7640625 0.1453125 0.1125