1 0.0796875 0.503125 0.0609375 0.0796875
6 0.14375 0.5 0.0609375 0.078125
15 0.209375 0.4921875 0.0609375 0.078125
37 0.2734375 0.5140625 0.0609375 0.08125
48 0.3390625 0.5140625 0.0625 0.08125
1 0.4015625 0.5125 0.0609375 0.075
29 0.465625 0.5140625 0.059375 0.078125
13 0.5265625 0.509375 0.0578125 0.0796875
20 0.5890625 0.503125 0.059375 0.0796875
47 0.6515625 0.5015625 0.059375 0.078125
7 0.7140625 0.4984375 0.05625 0.075
9 0.7765625 0.4984375 0.0609375 0.078125
23 0.8390625 0.496875 0.059375 0.078125
9 0.903125 0.4953125 0.0609375 0.0765625