10 0.05625 0.525 0.0609375 0.084375
4 0.121875 0.534375 0.0609375 0.0859375
27 0.19375 0.53125 0.0640625 0.0828125
28 0.25625 0.5375 0.0625 0.0828125
19 0.321875 0.5359375 0.0640625 0.0828125
20 0.3859375 0.5453125 0.0625 0.0796875
26 0.45 0.528125 0.059375 0.0828125
28 0.515625 0.51875 0.0625 0.0859375
17 0.5828125 0.509375 0.0625 0.084375
22 0.6484375 0.5125 0.0640625 0.084375
2 0.715625 0.50625 0.0625 0.084375
21 0.8 0.496875 0.065625 0.0859375
22 0.8828125 0.490625 0.0625 0.0859375
5 0.9515625 0.4765625 0.0640625 0.084375