47 0.0734375 0.5125 0.0609375 0.078125
9 0.1375 0.5171875 0.0578125 0.078125
26 0.2015625 0.5140625 0.05625 0.078125
15 0.2671875 0.5078125 0.0578125 0.078125
8 0.33125 0.509375 0.05625 0.0796875
6 0.39375 0.5140625 0.05625 0.078125
3 0.471875 0.5046875 0.0578125 0.0765625
29 0.5359375 0.5 0.059375 0.0765625
28 0.596875 0.49375 0.05625 0.0765625
2 0.675 0.4859375 0.0546875 0.078125
16 0.7375 0.484375 0.05625 0.078125
21 0.8 0.484375 0.0546875 0.0796875
25 0.8609375 0.4984375 0.0546875 0.078125
12 0.9203125 0.50625 0.0546875 0.0796875