34 0.753125 0.471875 0.0375 0.0390625
28 0.7078125 0.5203125 0.0828125 0.0484375
29 0.615625 0.51875 0.084375 0.0453125
49 0.434375 0.5171875 0.0828125 0.046875
42 0.31875 0.4703125 0.03125 0.0453125
27 0.8015625 0.521875 0.0828125 0.046875
36 0.840625 0.4734375 0.0328125 0.0421875
40 0.665625 0.4703125 0.0296875 0.0421875
47 0.525 0.51875 0.0875 0.046875
48 0.340625 0.5171875 0.09375 0.0421875
46 0.24375 0.51875 0.0953125 0.0484375
30 0.23125 0.465625 0.0359375 0.0453125
44 0.4078125 0.4703125 0.034375 0.04375
32 0.49375 0.4703125 0.03125 0.040625
38 0.5796875 0.4703125 0.0375 0.0390625