18 0.16875 0.4234375 0.08125 0.0359375
11 0.34375 0.46875 0.084375 0.040625
9 0.159375 0.465625 0.0875 0.0453125
10 0.253125 0.4640625 0.090625 0.04375
19 0.2546875 0.4234375 0.0828125 0.0359375
20 0.3390625 0.4265625 0.084375 0.034375
21 0.421875 0.43125 0.0796875 0.0359375
22 0.50625 0.43125 0.0796875 0.034375
23 0.5875 0.43125 0.0828125 0.0359375
24 0.671875 0.4328125 0.0828125 0.034375
25 0.7546875 0.4296875 0.08125 0.0375
26 0.8375 0.43125 0.084375 0.0375
12 0.434375 0.4703125 0.0890625 0.040625
13 0.5234375 0.4734375 0.0875 0.0390625
14 0.6109375 0.46875 0.0875 0.0390625
15 0.7015625 0.4703125 0.0859375 0.040625
16 0.7921875 0.471875 0.0859375 0.0375
17 0.8796875 0.471875 0.08125 0.040625