12 0.0734375 0.51875 0.059375 0.08125
26 0.146875 0.51875 0.0625 0.078125
48 0.2125 0.5125 0.0609375 0.078125
14 0.2765625 0.51875 0.059375 0.0796875
46 0.340625 0.5140625 0.059375 0.0796875
49 0.403125 0.509375 0.059375 0.078125
10 0.465625 0.4921875 0.05625 0.0765625
12 0.528125 0.465625 0.0546875 0.0765625
48 0.5890625 0.475 0.0546875 0.078125
21 0.65 0.49375 0.05625 0.078125
26 0.7140625 0.4765625 0.05625 0.0765625
27 0.775 0.4890625 0.05625 0.0765625
27 0.896875 0.5078125 0.05625 0.0765625
21 0.8359375 0.496875 0.05625 0.078125