24 0.053125 0.503125 0.0671875 0.0828125
5 0.1265625 0.50625 0.0578125 0.08125
24 0.1875 0.5203125 0.0578125 0.078125
25 0.2515625 0.515625 0.0578125 0.078125
21 0.3140625 0.5171875 0.0578125 0.08125
10 0.396875 0.5203125 0.05625 0.0796875
0 0.4609375 0.521875 0.05625 0.08125
11 0.525 0.5046875 0.0578125 0.0796875
9 0.5890625 0.5140625 0.0625 0.0796875
14 0.6546875 0.5234375 0.0609375 0.08125
15 0.728125 0.5109375 0.0671875 0.0828125
1 0.7953125 0.4875 0.0671875 0.08125
16 0.8671875 0.4875 0.0640625 0.0828125
24 0.9453125 0.4765625 0.065625 0.0875