38 0.2703125 0.3359375 0.0484375 0.0734375
42 0.240625 0.4953125 0.0546875 0.053125
15 0.41875 0.2390625 0.09375 0.0765625
25 0.721875 0.0421875 0.096875 0.0578125
25 0.5453125 0.246875 0.0765625 0.084375
18 0.8109375 0.0484375 0.0703125 0.078125
1 0.6609375 0.2453125 0.08125 0.0921875
47 0.4890625 0.3390625 0.0859375 0.0890625
5 0.378125 0.325 0.096875 0.0765625
2 0.565625 0.3828125 0.0828125 0.0859375
6 0.3640625 0.4359375 0.096875 0.075
22 0.4703125 0.4578125 0.0859375 0.0875
27 0.30625 0.5578125 0.078125 0.08125
27 0.4421875 0.7390625 0.0796875 0.1015625
45 0.6921875 0.428125 0.0921875 0.071875
33 0.80625 0.471875 0.103125 0.0890625
28 0.6984375 0.5265625 0.09375 0.0734375
0 0.546875 0.5203125 0.09375 0.0828125
3 0.50625 0.6109375 0.0875 0.0890625
13 0.3609375 0.6140625 0.08125 0.0890625
24 0.584375 0.6796875 0.1015625 0.0859375