25 0.4890625 0.51875 0.053125 0.0578125
23 0.4296875 0.521875 0.05625 0.059375
36 0.66875 0.5328125 0.0578125 0.025
9 0.3703125 0.525 0.053125 0.059375
40 0.190625 0.5140625 0.065625 0.021875
2 0.60625 0.5171875 0.0546875 0.059375
16 0.2484375 0.528125 0.0578125 0.0609375
13 0.3109375 0.5234375 0.0578125 0.0609375
3 0.5484375 0.5171875 0.05625 0.059375
1 0.128125 0.53125 0.0546875 0.059375
49 0.8453125 0.4984375 0.0578125 0.0546875
48 0.7890625 0.5140625 0.059375 0.0578125
42 0.9078125 0.51875 0.06875 0.0203125
30 0.728125 0.5265625 0.0640625 0.025