18 0.3484375 0.4609375 0.05 0.0625
11 0.45 0.5265625 0.046875 0.0671875
25 0.6953125 0.45625 0.0453125 0.0625
13 0.5484375 0.5265625 0.046875 0.065625
26 0.7453125 0.453125 0.0484375 0.0625
12 0.4984375 0.5265625 0.0453125 0.065625
16 0.696875 0.525 0.0484375 0.0671875
24 0.6453125 0.45625 0.046875 0.0640625
17 0.7484375 0.521875 0.046875 0.065625
21 0.4984375 0.4578125 0.046875 0.0625
9 0.3484375 0.5296875 0.046875 0.065625
23 0.5953125 0.4578125 0.0453125 0.0609375
19 0.4 0.459375 0.0453125 0.0640625
20 0.4484375 0.459375 0.046875 0.0625
22 0.546875 0.4578125 0.0484375 0.0640625
10 0.3984375 0.5265625 0.0453125 0.065625
14 0.5984375 0.5265625 0.0453125 0.065625
15 0.6484375 0.5265625 0.0484375 0.065625