5 0.0703125 0.496875 0.065625 0.0828125
27 0.1421875 0.4875 0.0640625 0.084375
43 0.2109375 0.4890625 0.0625 0.08125
22 0.2765625 0.4921875 0.059375 0.0828125
28 0.34375 0.4984375 0.0625 0.0796875
49 0.4125 0.5 0.0625 0.0828125
12 0.4796875 0.525 0.0625 0.078125
13 0.5453125 0.5234375 0.0625 0.078125
0 0.6046875 0.4921875 0.0609375 0.078125
15 0.6703125 0.48125 0.0578125 0.0796875
10 0.734375 0.48125 0.0609375 0.078125
26 0.7953125 0.48125 0.0578125 0.08125
4 0.8640625 0.4921875 0.0578125 0.0828125
16 0.9296875 0.5015625 0.05625 0.0828125