42 0.3546875 0.46875 0.028125 0.05
44 0.43125 0.4671875 0.025 0.05
36 0.8046875 0.4703125 0.0296875 0.05
49 0.45625 0.521875 0.0703125 0.05
46 0.303125 0.5234375 0.071875 0.0515625
27 0.7578125 0.525 0.0703125 0.05
29 0.60625 0.521875 0.06875 0.0484375
34 0.7265625 0.4671875 0.0296875 0.0484375
32 0.5046875 0.4671875 0.0265625 0.0484375
30 0.2796875 0.4671875 0.028125 0.0484375
38 0.5796875 0.4671875 0.0265625 0.0484375
40 0.653125 0.46875 0.0265625 0.05
48 0.3796875 0.5234375 0.071875 0.0484375
47 0.53125 0.5234375 0.071875 0.0515625
28 0.68125 0.521875 0.071875 0.05