14 0.0625 0.5296875 0.0578125 0.0796875
3 0.1234375 0.525 0.0609375 0.0828125
2 0.18125 0.5125 0.059375 0.0796875
28 0.240625 0.515625 0.059375 0.0796875
22 0.3046875 0.5375 0.0625 0.0765625
29 0.3671875 0.521875 0.0609375 0.078125
2 0.428125 0.515625 0.0578125 0.078125
16 0.4875 0.5109375 0.059375 0.078125
8 0.55 0.5015625 0.0609375 0.078125
35 0.6125 0.5078125 0.059375 0.078125
0 0.678125 0.5 0.05625 0.0765625
27 0.74375 0.5015625 0.0609375 0.08125
8 0.8078125 0.51875 0.0578125 0.08125
31 0.875 0.534375 0.059375 0.078125
29 0.95 0.5109375 0.0625 0.08125