48 0.0625 0.528125 0.0625 0.0859375
20 0.1265625 0.525 0.0625 0.084375
49 0.1921875 0.51875 0.0625 0.084375
20 0.2546875 0.5171875 0.0625 0.084375
7 0.325 0.496875 0.0625 0.0828125
5 0.3890625 0.5171875 0.0609375 0.084375
26 0.4578125 0.5203125 0.0640625 0.0796875
6 0.5265625 0.509375 0.065625 0.084375
11 0.59375 0.5125 0.0640625 0.0875
3 0.6640625 0.5046875 0.0671875 0.0859375
46 0.7328125 0.475 0.0625 0.0875
7 0.8046875 0.4921875 0.0671875 0.0875
19 0.875 0.48125 0.0625 0.0890625
47 0.9484375 0.50625 0.0671875 0.0875