36 0.753125 0.440625 0.0609375 0.028125
27 0.7109375 0.55 0.0625 0.0828125
28 0.6453125 0.55 0.0609375 0.08125
29 0.58125 0.55 0.0609375 0.08125
49 0.453125 0.55 0.0625 0.0828125
46 0.31875 0.5515625 0.065625 0.0859375
44 0.440625 0.4375 0.0578125 0.028125
47 0.5171875 0.5484375 0.059375 0.08125
30 0.309375 0.4390625 0.0609375 0.03125
42 0.3734375 0.4390625 0.0578125 0.028125
32 0.503125 0.440625 0.05625 0.028125
38 0.5640625 0.440625 0.0625 0.028125
40 0.628125 0.4390625 0.0640625 0.028125
34 0.6921875 0.4390625 0.0578125 0.0296875
48 0.3875 0.55 0.0625 0.0859375