45 0.0578125 0.509375 0.0671875 0.08125
29 0.1296875 0.503125 0.0609375 0.08125
16 0.1921875 0.5046875 0.0640625 0.0828125
49 0.253125 0.5046875 0.0640625 0.084375
47 0.31875 0.50625 0.059375 0.0828125
6 0.3875 0.5046875 0.0671875 0.0828125
7 0.453125 0.5 0.0625 0.0796875
9 0.5171875 0.4921875 0.059375 0.078125
15 0.58125 0.465625 0.0609375 0.0859375
25 0.6578125 0.45625 0.065625 0.0890625
14 0.7296875 0.4578125 0.06875 0.0875
48 0.796875 0.475 0.06875 0.0890625
17 0.8703125 0.4671875 0.0703125 0.090625
26 0.940625 0.484375 0.06875 0.0859375