18 0.0546875 0.528125 0.0625 0.084375
10 0.1203125 0.509375 0.0625 0.0828125
46 0.1859375 0.496875 0.05625 0.0828125
13 0.25 0.5234375 0.0625 0.08125
12 0.315625 0.5296875 0.0625 0.084375
10 0.38125 0.53125 0.0609375 0.0828125
4 0.4484375 0.5203125 0.059375 0.08125
3 0.5125 0.5296875 0.0625 0.0828125
22 0.584375 0.5203125 0.0671875 0.08125
18 0.6484375 0.5046875 0.0625 0.0828125
17 0.7171875 0.5078125 0.0640625 0.084375
43 0.7953125 0.5109375 0.059375 0.08125
13 0.878125 0.4921875 0.0625 0.0859375
20 0.946875 0.4890625 0.0578125 0.084375