0 0.071875 0.521875 0.059375 0.0828125
27 0.1328125 0.5203125 0.059375 0.08125
8 0.196875 0.5421875 0.0578125 0.0828125
31 0.2609375 0.5578125 0.059375 0.0828125
29 0.325 0.5390625 0.059375 0.08125
3 0.3890625 0.5421875 0.059375 0.0796875
6 0.45625 0.534375 0.0625 0.08125
18 0.521875 0.5328125 0.0625 0.078125
19 0.5890625 0.5359375 0.0640625 0.084375
45 0.6578125 0.5171875 0.0640625 0.084375
29 0.728125 0.5265625 0.0625 0.084375
16 0.7984375 0.5296875 0.065625 0.0859375
49 0.8703125 0.53125 0.065625 0.0859375
47 0.9421875 0.5234375 0.065625 0.0859375