5 0.5578125 0.5703125 0.0546875 0.0625
3 0.4421875 0.575 0.0546875 0.0640625
28 0.5015625 0.4609375 0.046875 0.04375
9 0.2859375 0.51875 0.05 0.053125
36 0.4546875 0.4046875 0.0421875 0.0125
18 0.25 0.653125 0.059375 0.071875
0 0.26875 0.5796875 0.05625 0.0609375
21 0.4375 0.646875 0.0609375 0.0703125
12 0.4484375 0.5109375 0.0484375 0.0546875
8 0.7359375 0.5765625 0.0609375 0.065625
2 0.384375 0.5765625 0.0546875 0.0625
11 0.39375 0.5140625 0.05 0.0546875
26 0.7546875 0.65 0.0640625 0.071875
10 0.3390625 0.515625 0.0484375 0.053125
25 0.6890625 0.646875 0.059375 0.071875
32 0.3609375 0.4078125 0.0390625 0.0140625
7 0.675 0.571875 0.0546875 0.0625
17 0.7203125 0.515625 0.05 0.0546875
1 0.3265625 0.578125 0.05 0.0609375
29 0.603125 0.459375 0.046875 0.04375
6 0.615625 0.571875 0.0546875 0.0640625
23 0.5625 0.64375 0.059375 0.0734375
14 0.55625 0.509375 0.05 0.0546875
24 0.6265625 0.6453125 0.0609375 0.0734375
48 0.2984375 0.465625 0.0484375 0.0453125
49 0.35 0.4625 0.0484375 0.0453125
46 0.4 0.4609375 0.0453125 0.04375
47 0.4515625 0.4609375 0.04375 0.0421875
27 0.553125 0.459375 0.0484375 0.04375
13 0.5015625 0.5140625 0.05 0.0515625
15 0.609375 0.5125 0.053125 0.053125
16 0.6640625 0.5125 0.053125 0.053125
19 0.3140625 0.65 0.0578125 0.0734375
20 0.3765625 0.6484375 0.0578125 0.071875
22 0.5 0.646875 0.0578125 0.071875
30 0.3109375 0.409375 0.040625 0.01875
34 0.4078125 0.4078125 0.0421875 0.0171875
38 0.5015625 0.4046875 0.04375 0.015625
40 0.5484375 0.403125 0.04375 0.015625
42 0.5953125 0.403125 0.04375 0.0109375
44 0.64375 0.4046875 0.0453125 0.0140625
4 0.5 0.575 0.053125 0.0609375