16 0.3078125 0.0796875 0.0640625 0.06875
18 0.3765625 0.0796875 0.0609375 0.0671875
37 0.453125 0.096875 0.0828125 0.046875
23 0.55 0.1125 0.0765625 0.0671875
23 0.7125 0.56875 0.06875 0.0953125
8 0.3921875 0.1515625 0.0859375 0.0609375
8 0.7640625 0.4703125 0.0796875 0.0859375
49 0.296875 0.165625 0.0703125 0.0765625
0 0.33125 0.240625 0.0734375 0.0703125
5 0.45 0.2171875 0.0765625 0.06875
1 0.496875 0.265625 0.078125 0.0625
12 0.55 0.209375 0.0765625 0.0765625
22 0.659375 0.2296875 0.071875 0.0765625
11 0.7484375 0.2109375 0.0796875 0.065625
35 0.765625 0.340625 0.0640625 0.0828125
48 0.66875 0.3171875 0.0796875 0.065625
24 0.590625 0.278125 0.084375 0.0703125
3 0.51875 0.346875 0.0734375 0.0796875
15 0.3875 0.284375 0.0703125 0.0703125
44 0.4203125 0.3546875 0.0578125 0.05
12 0.38125 0.415625 0.078125 0.08125
21 0.2625 0.4171875 0.090625 0.0765625
25 0.18125 0.5515625 0.0765625 0.0984375
48 0.2828125 0.5796875 0.0734375 0.09375
30 0.353125 0.5328125 0.059375 0.059375
20 0.44375 0.5234375 0.0765625 0.090625
39 0.4890625 0.4359375 0.0765625 0.0859375
32 0.5421875 0.5015625 0.059375 0.053125
29 0.659375 0.46875 0.0796875 0.090625
21 0.621875 0.5578125 0.09375 0.0765625
7 0.5140625 0.56875 0.0796875 0.0921875
36 0.41875 0.6 0.065625 0.0515625
18 0.24375 0.675 0.1 0.084375
31 0.3625 0.7296875 0.0828125 0.103125
14 0.3890625 0.8453125 0.1046875 0.0921875
43 0.5015625 0.69375 0.0796875 0.1078125
34 0.590625 0.68125 0.0796875 0.040625
10 0.6734375 0.66875 0.0765625 0.103125
10 0.7875 0.5875 0.075 0.0984375
7 0.765625 0.6875 0.10625 0.0765625
17 0.5609375 0.7640625 0.08125 0.10625
11 0.746875 0.7734375 0.1078125 0.084375
26 0.6375 0.840625 0.1 0.10625
19 0.609375 0.384375 0.0796875 0.0875
14 0.7015625 0.3953125 0.08125 0.0875