36 0.8328125 0.75625 0.103125 0.0515625
18 0.05625 0.2 0.1015625 0.140625
9 0.05625 0.5 0.1046875 0.1421875
24 0.721875 0.2 0.103125 0.1421875
7 0.8328125 0.3515625 0.1046875 0.1453125
28 0.5 0.65 0.10625 0.1375
1 0.1671875 0.3484375 0.103125 0.140625
2 0.278125 0.3515625 0.103125 0.1421875
10 0.1671875 0.5 0.1046875 0.140625
0 0.05625 0.35 0.1 0.1375
38 0.05625 0.7578125 0.109375 0.059375
44 0.3890625 0.75625 0.1046875 0.0515625
21 0.3890625 0.2 0.10625 0.1390625
29 0.721875 0.6484375 0.103125 0.140625
42 0.2765625 0.7546875 0.109375 0.05
40 0.1671875 0.7546875 0.1078125 0.0546875
14 0.6109375 0.5 0.103125 0.140625
32 0.609375 0.753125 0.10625 0.046875
26 0.9453125 0.1984375 0.1078125 0.1421875
13 0.5015625 0.5 0.1046875 0.1421875
3 0.3890625 0.3515625 0.1078125 0.14375
19 0.1671875 0.1984375 0.103125 0.1421875
34 0.7203125 0.7546875 0.1046875 0.053125
23 0.6109375 0.1984375 0.1046875 0.14375
49 0.278125 0.65 0.1046875 0.1390625
27 0.6109375 0.65 0.10625 0.1359375
46 0.0546875 0.6515625 0.10625 0.140625
8 0.9453125 0.3484375 0.1046875 0.1515625
10 0.278125 0.5 0.103125 0.1421875
12 0.3890625 0.5015625 0.10625 0.1421875
30 0.5015625 0.75625 0.1046875 0.0515625
20 0.2796875 0.1984375 0.103125 0.1421875
22 0.5015625 0.2 0.10625 0.140625
25 0.8328125 0.1984375 0.10625 0.14375
4 0.5 0.3515625 0.10625 0.1421875
5 0.6125 0.3515625 0.1046875 0.140625
6 0.7234375 0.3515625 0.10625 0.140625
15 0.721875 0.5 0.103125 0.1421875
16 0.8328125 0.5015625 0.10625 0.1421875
17 0.94375 0.5 0.10625 0.1421875
48 0.165625 0.65 0.1078125 0.1421875
47 0.3875 0.6484375 0.10625 0.1453125