36 0.8328125 0.7578125 0.1015625 0.0515625
18 0.05625 0.2 0.103125 0.140625
24 0.7234375 0.2 0.103125 0.1421875
9 0.05625 0.5 0.1046875 0.1421875
44 0.3875 0.75625 0.1046875 0.0515625
30 0.5 0.7578125 0.10625 0.0578125
40 0.165625 0.75625 0.1078125 0.05625
42 0.278125 0.75625 0.1046875 0.053125
32 0.609375 0.759375 0.10625 0.05625
34 0.721875 0.759375 0.103125 0.05625
2 0.278125 0.35 0.1046875 0.14375
1 0.1671875 0.35 0.103125 0.1421875
28 0.5 0.65 0.1046875 0.1375
21 0.3890625 0.2 0.10625 0.140625
10 0.1671875 0.5 0.103125 0.1421875
26 0.9453125 0.2 0.1078125 0.14375
38 0.05625 0.7578125 0.1109375 0.059375
7 0.834375 0.35 0.1046875 0.146875
19 0.1671875 0.1984375 0.1046875 0.14375
3 0.3890625 0.35 0.10625 0.1453125
49 0.2765625 0.65 0.103125 0.1390625
27 0.6125 0.65 0.10625 0.1375
13 0.5015625 0.5 0.1046875 0.140625
23 0.6109375 0.2 0.1046875 0.14375
14 0.6125 0.5 0.103125 0.140625
8 0.9453125 0.3484375 0.103125 0.15
6 0.7234375 0.3515625 0.10625 0.1453125
20 0.2796875 0.1984375 0.10625 0.14375
22 0.5015625 0.196875 0.109375 0.14375
4 0.5 0.3484375 0.1046875 0.1453125
5 0.6125 0.3484375 0.1046875 0.1453125
11 0.2765625 0.5 0.1078125 0.146875
12 0.390625 0.5015625 0.109375 0.1421875
15 0.721875 0.5015625 0.1078125 0.14375
16 0.834375 0.5 0.1046875 0.1421875
17 0.946875 0.5 0.10625 0.14375
47 0.3890625 0.65 0.103125 0.14375
46 0.05625 0.6515625 0.10625 0.14375
48 0.1671875 0.6484375 0.1078125 0.1421875
29 0.7203125 0.65 0.1046875 0.140625
25 0.8328125 0.2 0.10625 0.1453125