38 0.2109375 0.0421875 0.1796875 0.084375
40 0.4015625 0.04375 0.18125 0.0875
42 0.59375 0.0453125 0.1703125 0.06875
44 0.7828125 0.0421875 0.16875 0.084375
38 0.20625 0.2984375 0.171875 0.09375
40 0.4046875 0.3 0.1765625 0.096875
42 0.5984375 0.3015625 0.1765625 0.0796875
44 0.7875 0.303125 0.171875 0.0859375
30 0.215625 0.5515625 0.190625 0.096875
30 0.2171875 0.815625 0.178125 0.1015625
32 0.409375 0.559375 0.171875 0.08125
32 0.4125 0.809375 0.18125 0.1
34 0.5984375 0.559375 0.171875 0.0859375
34 0.6015625 0.809375 0.1765625 0.090625
36 0.784375 0.5578125 0.1734375 0.084375
36 0.7890625 0.8078125 0.175 0.09375