16 0.5640625 0.4265625 0.0609375 0.0640625
14 0.496875 0.434375 0.0625 0.0640625
25 0.4296875 0.44375 0.0625 0.065625
25 0.3609375 0.453125 0.0640625 0.0671875
19 0.2171875 0.475 0.0703125 0.065625
6 0.69375 0.4046875 0.059375 0.0640625
4 0.6296875 0.4140625 0.059375 0.0625
28 0.8234375 0.384375 0.059375 0.0578125
9 0.61875 0.33125 0.0578125 0.0453125
20 0.2890625 0.4640625 0.0703125 0.065625
9 0.5578125 0.3390625 0.059375 0.046875
47 0.36875 0.3640625 0.059375 0.046875
8 0.759375 0.396875 0.0609375 0.065625
9 0.68125 0.321875 0.059375 0.0453125
47 0.434375 0.3578125 0.059375 0.0453125
47 0.4953125 0.346875 0.0609375 0.0453125