17 0.24375 0.4953125 0.0625 0.0640625
7 0.4390625 0.375 0.0578125 0.04375
5 0.50625 0.453125 0.0578125 0.0625
6 0.56875 0.4421875 0.0578125 0.0625
2 0.3125 0.4828125 0.0609375 0.059375
7 0.3796875 0.3859375 0.0578125 0.0453125
7 0.3171875 0.396875 0.059375 0.046875
4 0.4421875 0.4625 0.059375 0.059375
3 0.378125 0.471875 0.059375 0.0578125
15 0.4984375 0.365625 0.053125 0.0453125
17 0.175 0.5046875 0.0640625 0.0640625
15 0.6109375 0.34375 0.0546875 0.0453125
8 0.6921875 0.425 0.0578125 0.0640625
15 0.553125 0.3546875 0.0546875 0.04375
8 0.753125 0.4140625 0.0578125 0.0625
8 0.63125 0.4328125 0.05625 0.0625