23 0.4328125 0.4828125 0.053125 0.0546875
46 0.7625 0.4421875 0.05 0.05
16 0.25625 0.5046875 0.0546875 0.05625
23 0.4890625 0.475 0.053125 0.053125
11 0.06875 0.528125 0.0609375 0.0578125
23 0.5453125 0.46875 0.0515625 0.053125
1 0.709375 0.4484375 0.0484375 0.0484375
46 0.8171875 0.4359375 0.05 0.05
22 0.375 0.4890625 0.053125 0.0515625
47 0.921875 0.4234375 0.05 0.0484375
11 0.1328125 0.5203125 0.0578125 0.0578125
17 0.315625 0.4953125 0.0546875 0.053125
14 0.1953125 0.5109375 0.05625 0.0578125
0 0.6 0.4609375 0.0515625 0.05
0 0.65625 0.4546875 0.05 0.0484375
48 0.8703125 0.4296875 0.05 0.05