17 0.1171875 0.3546875 0.059375 0.059375
14 0.1734375 0.3578125 0.0578125 0.0609375
12 0.2328125 0.3578125 0.0578125 0.0609375
9 0.2890625 0.359375 0.0546875 0.059375
20 0.346875 0.35625 0.05625 0.059375
10 0.4046875 0.35625 0.05625 0.0609375
49 0.4625 0.35625 0.05625 0.0609375
40 0.5203125 0.3765625 0.05625 0.0265625
5 0.578125 0.3578125 0.0546875 0.0609375
34 0.6359375 0.3375 0.0578125 0.025
48 0.69375 0.35625 0.0578125 0.059375
23 0.7515625 0.3546875 0.059375 0.0609375
42 0.809375 0.3734375 0.0625 0.025
13 0.86875 0.3625 0.0640625 0.0625
26 0.0984375 0.4484375 0.0625 0.06875
38 0.1578125 0.4734375 0.0609375 0.0296875
21 0.2171875 0.4578125 0.059375 0.06875
36 0.278125 0.4828125 0.059375 0.025
0 0.340625 0.45625 0.0609375 0.06875
25 0.4 0.4578125 0.0578125 0.06875
24 0.4609375 0.459375 0.0578125 0.06875
47 0.521875 0.4625 0.059375 0.06875
16 0.5828125 0.4609375 0.0609375 0.0671875
6 0.6453125 0.4578125 0.0609375 0.06875
7 0.70625 0.4625 0.0640625 0.0671875
15 0.7671875 0.4609375 0.065625 0.06875
8 0.828125 0.4609375 0.0671875 0.06875
44 0.8875 0.446875 0.0625 0.028125
19 0.06875 0.5640625 0.065625 0.075
18 0.1328125 0.5671875 0.0640625 0.0765625
32 0.1984375 0.59375 0.0671875 0.028125
22 0.2625 0.571875 0.0640625 0.0765625
28 0.328125 0.5671875 0.059375 0.075
11 0.39375 0.5671875 0.0640625 0.0765625
1 0.45625 0.5703125 0.0609375 0.075
27 0.521875 0.5703125 0.0640625 0.075
46 0.5859375 0.56875 0.0640625 0.0765625
29 0.6515625 0.5671875 0.065625 0.0765625
30 0.715625 0.590625 0.0703125 0.03125
4 0.78125 0.565625 0.06875 0.075
3 0.8453125 0.5671875 0.071875 0.0765625
2 0.9125 0.571875 0.0734375 0.0765625