0 0.084375 0.2890625 0.05625 0.071875
1 0.14375 0.2890625 0.05625 0.0734375
2 0.2 0.2875 0.05625 0.071875
3 0.259375 0.2875 0.05625 0.071875
4 0.3171875 0.2875 0.05625 0.0703125
5 0.3734375 0.2875 0.0546875 0.0703125
6 0.43125 0.2890625 0.0546875 0.0734375
7 0.490625 0.29375 0.05625 0.0734375
8 0.5484375 0.2953125 0.0578125 0.071875
28 0.60625 0.2953125 0.05625 0.0703125
27 0.6640625 0.2953125 0.0546875 0.071875
29 0.7203125 0.278125 0.05625 0.071875
49 0.778125 0.2921875 0.0578125 0.0734375
47 0.8359375 0.2953125 0.0578125 0.0734375
9 0.2109375 0.421875 0.0578125 0.075
10 0.26875 0.4328125 0.0546875 0.075
11 0.3265625 0.4296875 0.0546875 0.075
12 0.3828125 0.4296875 0.0546875 0.075
13 0.4421875 0.4296875 0.0546875 0.0734375
14 0.4984375 0.4328125 0.0546875 0.0734375
15 0.55625 0.4375 0.053125 0.071875
16 0.6140625 0.4453125 0.05625 0.071875
17 0.671875 0.44375 0.0546875 0.0734375
39 0.1875 0.5890625 0.0546875 0.0734375
31 0.246875 0.5828125 0.0546875 0.075
37 0.3046875 0.5859375 0.0546875 0.075
35 0.3625 0.584375 0.053125 0.0734375
33 0.421875 0.575 0.0546875 0.071875
43 0.4796875 0.5765625 0.0546875 0.0734375
41 0.5359375 0.58125 0.0546875 0.0703125
45 0.59375 0.575 0.0546875 0.071875
46 0.6515625 0.5828125 0.05625 0.0734375
48 0.709375 0.5796875 0.0546875 0.0734375
18 0.215625 0.7078125 0.0546875 0.0734375
19 0.2734375 0.7140625 0.053125 0.0734375
20 0.33125 0.71875 0.053125 0.0734375
21 0.390625 0.71875 0.0546875 0.075
22 0.4484375 0.7203125 0.0546875 0.075
23 0.50625 0.7109375 0.0546875 0.0734375
24 0.5640625 0.7171875 0.053125 0.0703125
25 0.621875 0.721875 0.053125 0.071875
26 0.6796875 0.721875 0.0546875 0.071875