7 0.109375 0.2953125 0.0578125 0.0578125
6 0.1703125 0.2796875 0.05625 0.05625
5 0.2265625 0.2796875 0.0578125 0.05625
4 0.2828125 0.275 0.05625 0.05625
3 0.3390625 0.275 0.05625 0.05625
2 0.396875 0.2765625 0.05625 0.05625
1 0.4546875 0.2734375 0.0546875 0.0546875
0 0.509375 0.271875 0.0546875 0.0546875
47 0.565625 0.2796875 0.0546875 0.05625
49 0.621875 0.28125 0.05625 0.0578125
29 0.6796875 0.278125 0.05625 0.05625
27 0.734375 0.28125 0.059375 0.0578125
28 0.7921875 0.275 0.0578125 0.05625
8 0.85 0.2734375 0.0625 0.05625
13 0.275 0.4 0.059375 0.0640625
12 0.3359375 0.4015625 0.059375 0.0640625
11 0.396875 0.3953125 0.059375 0.065625
10 0.45625 0.390625 0.059375 0.065625
9 0.5171875 0.403125 0.059375 0.0671875
17 0.578125 0.4015625 0.0609375 0.065625
16 0.640625 0.4078125 0.0625 0.065625
15 0.7015625 0.3984375 0.0625 0.065625
14 0.7640625 0.403125 0.065625 0.0671875
33 0.221875 0.5421875 0.06875 0.0765625
35 0.2890625 0.546875 0.0671875 0.078125
37 0.3546875 0.54375 0.065625 0.078125
31 0.421875 0.546875 0.0640625 0.0796875
39 0.4875 0.5453125 0.0625 0.078125
48 0.5546875 0.5421875 0.0640625 0.078125
46 0.621875 0.5375 0.065625 0.078125
45 0.6890625 0.55 0.06875 0.0796875
41 0.75625 0.546875 0.0703125 0.0796875
43 0.8234375 0.55 0.075 0.0796875
22 0.23125 0.7015625 0.06875 0.09375
21 0.303125 0.721875 0.0703125 0.0953125
20 0.375 0.71875 0.06875 0.0953125
19 0.45 0.7125 0.0734375 0.09375
18 0.525 0.7171875 0.0703125 0.09375
26 0.596875 0.715625 0.0734375 0.09375
25 0.6703125 0.7125 0.0734375 0.0953125
24 0.7453125 0.71875 0.078125 0.09375
23 0.8203125 0.7203125 0.0796875 0.096875