0 0.11875 0.2765625 0.05625 0.05625
1 0.1765625 0.2765625 0.0578125 0.0578125
2 0.234375 0.275 0.05625 0.059375
3 0.2921875 0.2765625 0.05625 0.0578125
4 0.3484375 0.275 0.05625 0.0578125
5 0.4078125 0.2734375 0.0546875 0.0578125
6 0.4640625 0.2765625 0.05625 0.0578125
7 0.521875 0.278125 0.0546875 0.05625
8 0.578125 0.2796875 0.0546875 0.05625
28 0.6359375 0.2796875 0.05625 0.0578125
27 0.69375 0.2796875 0.0578125 0.0578125
29 0.746875 0.2671875 0.059375 0.05625
49 0.8078125 0.278125 0.0625 0.05625
47 0.8671875 0.28125 0.065625 0.059375
9 0.2234375 0.390625 0.0578125 0.0671875
10 0.2828125 0.3984375 0.059375 0.0671875
11 0.3453125 0.3953125 0.059375 0.065625
12 0.4078125 0.3953125 0.0609375 0.06875
13 0.4703125 0.3953125 0.059375 0.0671875
14 0.5296875 0.3984375 0.059375 0.0640625
15 0.590625 0.4015625 0.0609375 0.0671875
16 0.6546875 0.409375 0.0625 0.0671875
17 0.7171875 0.4078125 0.0625 0.0671875
39 0.1703125 0.55625 0.065625 0.0796875
31 0.240625 0.55 0.0671875 0.0796875
37 0.3078125 0.5515625 0.065625 0.0796875
35 0.3734375 0.5515625 0.0625 0.0796875
33 0.4421875 0.540625 0.0640625 0.078125
43 0.509375 0.54375 0.0625 0.078125
41 0.5765625 0.546875 0.065625 0.078125
45 0.6421875 0.540625 0.06875 0.078125
46 0.7109375 0.5484375 0.0703125 0.078125
48 0.7765625 0.54375 0.071875 0.08125
18 0.178125 0.69375 0.0734375 0.09375
19 0.2515625 0.703125 0.071875 0.0953125
20 0.325 0.709375 0.071875 0.09375
21 0.396875 0.709375 0.071875 0.0921875
22 0.4703125 0.709375 0.06875 0.0921875
23 0.54375 0.6984375 0.0703125 0.09375
24 0.6171875 0.7078125 0.0734375 0.09375
25 0.690625 0.7140625 0.0734375 0.09375
26 0.7640625 0.7125 0.078125 0.0921875