17 0.0796875 0.3578125 0.05625 0.071875
14 0.140625 0.3609375 0.05625 0.0703125
12 0.2015625 0.3625 0.05625 0.071875
9 0.2609375 0.3640625 0.05625 0.0703125
20 0.3203125 0.359375 0.059375 0.071875
10 0.3796875 0.3609375 0.05625 0.0703125
49 0.4390625 0.3625 0.05625 0.071875
40 0.496875 0.3859375 0.05625 0.0296875
5 0.55625 0.3640625 0.05625 0.071875
34 0.615625 0.3375 0.05625 0.025
48 0.675 0.3640625 0.05625 0.071875
23 0.7328125 0.3609375 0.059375 0.0734375
42 0.7921875 0.3828125 0.05625 0.03125
13 0.853125 0.36875 0.0609375 0.0734375
26 0.078125 0.4640625 0.05625 0.075
38 0.1390625 0.4921875 0.059375 0.0359375
21 0.2 0.475 0.0578125 0.0765625
36 0.2609375 0.503125 0.0578125 0.0265625
0 0.3203125 0.475 0.05625 0.0734375
25 0.3796875 0.4765625 0.05625 0.071875
24 0.440625 0.4765625 0.0578125 0.071875
47 0.5 0.4796875 0.05625 0.071875
16 0.559375 0.4796875 0.05625 0.071875
6 0.61875 0.4765625 0.0578125 0.0734375
7 0.678125 0.4796875 0.059375 0.071875
15 0.7390625 0.478125 0.0578125 0.071875
8 0.7984375 0.4796875 0.0578125 0.075
44 0.859375 0.4640625 0.059375 0.0296875
19 0.071875 0.5859375 0.059375 0.078125
18 0.134375 0.590625 0.0578125 0.0765625
32 0.1953125 0.6171875 0.0578125 0.0265625
22 0.25625 0.59375 0.0578125 0.0765625
28 0.315625 0.5875 0.05625 0.0734375
11 0.378125 0.5890625 0.05625 0.0734375
1 0.4390625 0.5921875 0.05625 0.075
27 0.4984375 0.5921875 0.0578125 0.075
46 0.559375 0.590625 0.05625 0.075
29 0.61875 0.5875 0.0578125 0.075
30 0.6796875 0.6109375 0.0578125 0.0296875
4 0.740625 0.5875 0.0578125 0.0765625
3 0.8 0.5875 0.0578125 0.075
2 0.8609375 0.5921875 0.059375 0.075