17 0.0921875 0.35 0.059375 0.075
14 0.1515625 0.353125 0.0578125 0.075
12 0.2125 0.353125 0.0578125 0.0734375
9 0.271875 0.35625 0.0578125 0.0734375
20 0.3328125 0.35 0.059375 0.0734375
10 0.39375 0.35 0.0609375 0.0734375
49 0.4546875 0.353125 0.05625 0.0734375
40 0.5140625 0.375 0.059375 0.0328125
5 0.5734375 0.3546875 0.0578125 0.075
34 0.634375 0.325 0.0578125 0.0234375
48 0.6953125 0.35 0.059375 0.0734375
23 0.7546875 0.35 0.0578125 0.0734375
42 0.815625 0.3734375 0.059375 0.0265625
13 0.8765625 0.3546875 0.0578125 0.0734375
26 0.0921875 0.459375 0.0578125 0.075
38 0.1515625 0.4875 0.0578125 0.0296875
21 0.2125 0.46875 0.059375 0.075
36 0.271875 0.4953125 0.05625 0.028125
0 0.334375 0.4671875 0.0578125 0.0765625
25 0.3953125 0.46875 0.05625 0.075
24 0.45625 0.4703125 0.0578125 0.075
47 0.5171875 0.4734375 0.0578125 0.075
16 0.5765625 0.471875 0.059375 0.075
6 0.6375 0.46875 0.059375 0.075
7 0.6984375 0.471875 0.0578125 0.075
15 0.759375 0.46875 0.059375 0.075
8 0.821875 0.4703125 0.0578125 0.075
44 0.8828125 0.453125 0.059375 0.0296875
19 0.0859375 0.58125 0.0578125 0.0765625
18 0.1484375 0.5859375 0.05625 0.075
32 0.209375 0.6109375 0.05625 0.0265625
22 0.2703125 0.5890625 0.05625 0.075
28 0.33125 0.5828125 0.05625 0.075
11 0.39375 0.5828125 0.0578125 0.075
1 0.4546875 0.5859375 0.059375 0.075
27 0.5140625 0.584375 0.059375 0.0734375
46 0.5765625 0.5828125 0.0578125 0.0765625
29 0.6375 0.5796875 0.0578125 0.0734375
30 0.7 0.603125 0.0578125 0.03125
4 0.7609375 0.5796875 0.059375 0.078125
3 0.8234375 0.5796875 0.059375 0.0765625
2 0.8859375 0.5859375 0.05625 0.078125