39 0.2140625 0.271875 0.0609375 0.075
31 0.2734375 0.2734375 0.0609375 0.071875
37 0.3359375 0.2734375 0.059375 0.071875
35 0.396875 0.275 0.0578125 0.0734375
33 0.45625 0.2765625 0.059375 0.075
43 0.515625 0.278125 0.0578125 0.071875
41 0.575 0.28125 0.0578125 0.0734375
45 0.634375 0.284375 0.0578125 0.075
46 0.69375 0.2875 0.0578125 0.071875
48 0.7515625 0.2828125 0.0578125 0.0734375
18 0.2453125 0.40625 0.0578125 0.078125
19 0.30625 0.4078125 0.05625 0.075
20 0.3671875 0.409375 0.05625 0.0765625
21 0.4296875 0.4078125 0.059375 0.0765625
22 0.4890625 0.409375 0.05625 0.0765625
23 0.55 0.4125 0.0609375 0.075
24 0.6109375 0.409375 0.0578125 0.075
25 0.671875 0.4140625 0.0609375 0.075
26 0.7328125 0.415625 0.0578125 0.0734375
0 0.09375 0.5140625 0.0609375 0.0796875
1 0.15625 0.515625 0.059375 0.0796875
2 0.2203125 0.5140625 0.059375 0.078125
3 0.2828125 0.5140625 0.059375 0.078125
4 0.346875 0.5140625 0.0609375 0.0796875
5 0.4078125 0.5171875 0.059375 0.0765625
6 0.46875 0.51875 0.059375 0.078125
7 0.53125 0.5234375 0.0609375 0.078125
8 0.5921875 0.5265625 0.0578125 0.075
28 0.6546875 0.5296875 0.0625 0.078125
27 0.715625 0.5296875 0.0578125 0.0765625
29 0.7765625 0.5296875 0.059375 0.078125
49 0.8375 0.5296875 0.0609375 0.078125
47 0.8984375 0.53125 0.0609375 0.0796875
9 0.23125 0.6546875 0.0609375 0.084375
10 0.2953125 0.65625 0.0609375 0.084375
11 0.359375 0.6546875 0.059375 0.0828125
12 0.421875 0.653125 0.059375 0.0828125
13 0.4859375 0.653125 0.0578125 0.0828125
14 0.5484375 0.6546875 0.0609375 0.08125
15 0.6109375 0.65625 0.059375 0.08125
16 0.6734375 0.659375 0.059375 0.0828125
17 0.734375 0.6625 0.0578125 0.08125