39 0.1953125 0.3125 0.0578125 0.0703125
31 0.2546875 0.3125 0.059375 0.071875
37 0.315625 0.3140625 0.059375 0.0734375
35 0.3734375 0.3140625 0.0578125 0.0734375
33 0.434375 0.3140625 0.0578125 0.0734375
43 0.49375 0.3171875 0.0578125 0.0734375
41 0.553125 0.3203125 0.05625 0.075
45 0.6125 0.3203125 0.059375 0.071875
46 0.671875 0.325 0.05625 0.0765625
48 0.7328125 0.31875 0.059375 0.075
18 0.228125 0.4484375 0.0578125 0.075
19 0.2875 0.446875 0.0578125 0.0765625
20 0.3484375 0.45 0.0578125 0.078125
21 0.409375 0.4484375 0.0578125 0.075
22 0.46875 0.4484375 0.0578125 0.075
23 0.528125 0.4515625 0.0578125 0.075
24 0.5890625 0.4484375 0.0578125 0.0734375
25 0.6484375 0.453125 0.0578125 0.075
26 0.709375 0.453125 0.059375 0.0734375
0 0.0828125 0.5546875 0.059375 0.0796875
1 0.14375 0.5546875 0.05625 0.0765625
2 0.2046875 0.5546875 0.0578125 0.0765625
3 0.265625 0.5546875 0.05625 0.0765625
4 0.328125 0.5546875 0.0578125 0.0765625
5 0.3875 0.5546875 0.0578125 0.0765625
6 0.4484375 0.559375 0.05625 0.075
7 0.5078125 0.5625 0.0578125 0.075
8 0.56875 0.5671875 0.059375 0.075
28 0.6296875 0.5671875 0.0578125 0.078125
27 0.690625 0.5671875 0.059375 0.0765625
29 0.7515625 0.5671875 0.05625 0.0765625
49 0.8125 0.5671875 0.05625 0.0765625
47 0.8734375 0.56875 0.059375 0.0765625
9 0.21875 0.6921875 0.0578125 0.0765625
10 0.28125 0.69375 0.05625 0.0796875
11 0.3421875 0.6921875 0.0578125 0.08125
12 0.403125 0.690625 0.0578125 0.0796875
13 0.465625 0.690625 0.0578125 0.078125
14 0.525 0.6921875 0.0578125 0.078125
15 0.5875 0.69375 0.0578125 0.078125
16 0.6484375 0.6953125 0.0578125 0.078125
17 0.709375 0.7015625 0.0578125 0.078125