17 0.1265625 0.3828125 0.05625 0.05625
14 0.184375 0.3859375 0.0578125 0.05625
12 0.2421875 0.3890625 0.0578125 0.0578125
9 0.296875 0.3890625 0.0578125 0.05625
20 0.35625 0.3859375 0.0578125 0.05625
10 0.4140625 0.3875 0.05625 0.05625
49 0.46875 0.3890625 0.0546875 0.0578125
40 0.5265625 0.40625 0.053125 0.0234375
5 0.584375 0.390625 0.05625 0.05625
34 0.6390625 0.371875 0.05625 0.0203125
48 0.6984375 0.390625 0.0609375 0.05625
23 0.7546875 0.3890625 0.0625 0.05625
42 0.815625 0.40625 0.0546875 0.0234375
13 0.871875 0.396875 0.0671875 0.059375
26 0.1015625 0.471875 0.0640625 0.065625
38 0.1609375 0.49375 0.059375 0.028125
21 0.2234375 0.48125 0.059375 0.0671875
36 0.284375 0.5046875 0.0609375 0.025
0 0.346875 0.48125 0.059375 0.065625
25 0.4078125 0.4828125 0.059375 0.0640625
24 0.4671875 0.484375 0.059375 0.0671875
47 0.5296875 0.4875 0.0578125 0.065625
16 0.590625 0.4875 0.059375 0.0671875
6 0.65 0.4859375 0.0625 0.065625
7 0.7125 0.4890625 0.0625 0.065625
15 0.775 0.4875 0.065625 0.065625
8 0.8359375 0.4890625 0.0671875 0.065625
44 0.9 0.475 0.0734375 0.0265625
19 0.065625 0.5828125 0.0671875 0.075
18 0.1328125 0.5875 0.065625 0.0734375
32 0.196875 0.6140625 0.0640625 0.028125
22 0.2640625 0.5921875 0.065625 0.075
28 0.33125 0.5875 0.0640625 0.075
11 0.3984375 0.5875 0.0671875 0.078125
1 0.4640625 0.5921875 0.0609375 0.075
27 0.528125 0.5921875 0.0625 0.075
46 0.59375 0.5921875 0.065625 0.0765625
29 0.659375 0.590625 0.0671875 0.0765625
30 0.725 0.6125 0.06875 0.0296875
4 0.7921875 0.590625 0.071875 0.0734375
3 0.8578125 0.5921875 0.0734375 0.075
2 0.9265625 0.5984375 0.0765625 0.0765625