2 0.140625 0.353125 0.0578125 0.0609375
3 0.1953125 0.353125 0.0578125 0.0578125
4 0.253125 0.3546875 0.0578125 0.0578125
30 0.309375 0.3375 0.0578125 0.025
29 0.365625 0.3546875 0.0578125 0.0546875
46 0.4234375 0.3546875 0.0546875 0.0578125
27 0.478125 0.353125 0.0546875 0.0578125
1 0.534375 0.353125 0.05625 0.0578125
11 0.590625 0.3515625 0.05625 0.0578125
28 0.646875 0.3546875 0.0578125 0.05625
22 0.7015625 0.353125 0.059375 0.059375
32 0.7578125 0.3359375 0.0625 0.0203125
18 0.815625 0.3515625 0.0625 0.0609375
19 0.8703125 0.353125 0.065625 0.059375
44 0.109375 0.4875 0.059375 0.028125
8 0.1734375 0.46875 0.0625 0.0671875
15 0.23125 0.4703125 0.059375 0.0671875
7 0.290625 0.471875 0.0609375 0.0671875
6 0.353125 0.471875 0.059375 0.065625
16 0.4125 0.4703125 0.0578125 0.065625
47 0.471875 0.46875 0.05625 0.065625
24 0.53125 0.46875 0.0578125 0.065625
25 0.590625 0.46875 0.0609375 0.065625
0 0.6515625 0.46875 0.0640625 0.065625
36 0.7109375 0.4453125 0.0625 0.021875
21 0.7703125 0.46875 0.0640625 0.0671875
38 0.825 0.446875 0.059375 0.028125
26 0.890625 0.46875 0.0703125 0.0671875
13 0.0828125 0.6078125 0.0734375 0.078125
42 0.1515625 0.584375 0.059375 0.03125
23 0.2109375 0.6046875 0.0640625 0.0734375
48 0.2765625 0.60625 0.06875 0.075
34 0.3421875 0.628125 0.065625 0.028125
5 0.40625 0.603125 0.0625 0.075
40 0.4703125 0.5796875 0.0625 0.0328125
49 0.534375 0.6 0.0625 0.0734375
10 0.5984375 0.6 0.065625 0.075
20 0.6609375 0.6015625 0.0671875 0.075
9 0.725 0.6015625 0.0671875 0.075
12 0.790625 0.6 0.0703125 0.075
14 0.8546875 0.5984375 0.075 0.0765625
17 0.9171875 0.596875 0.0734375 0.0765625