28 0.7828125 0.471875 0.0515625 0.046875
28 0.728125 0.4703125 0.05 0.046875
13 0.5625 0.4703125 0.0515625 0.0484375
12 0.5078125 0.4703125 0.0515625 0.046875
12 0.453125 0.471875 0.053125 0.0484375
24 0.3375 0.4703125 0.05625 0.0484375
15 0.6734375 0.471875 0.0515625 0.046875
14 0.6171875 0.4703125 0.0515625 0.0484375
4 0.9546875 0.475 0.05 0.0484375
22 0.2828125 0.471875 0.053125 0.046875
3 0.8953125 0.475 0.053125 0.046875
21 0.2265625 0.4703125 0.0546875 0.0453125
20 0.16875 0.471875 0.0640625 0.05
17 0.8390625 0.4734375 0.053125 0.0484375
25 0.3953125 0.471875 0.059375 0.05
36 0.434375 0.403125 0.053125 0.01875
38 0.49375 0.4015625 0.0515625 0.0171875
40 0.55 0.403125 0.0484375 0.0171875