10 0.7234375 0.4875 0.05625 0.0625
5 0.784375 0.4859375 0.0578125 0.0609375
11 0.2171875 0.5265625 0.0609375 0.0640625
9 0.084375 0.528125 0.0625 0.0640625
10 0.6609375 0.4921875 0.05625 0.0609375
22 0.503125 0.41875 0.0515625 0.04375
10 0.1515625 0.5265625 0.0609375 0.0625
1 0.475 0.5046875 0.05625 0.0625
23 0.6203125 0.4109375 0.0515625 0.04375
14 0.284375 0.5203125 0.0578125 0.0625
16 0.4125 0.509375 0.0609375 0.0609375
15 0.3484375 0.5140625 0.0578125 0.059375
24 0.5625 0.415625 0.05625 0.0453125
3 0.5375 0.5 0.0609375 0.0640625
3 0.5984375 0.4921875 0.0625 0.059375
6 0.846875 0.4796875 0.0640625 0.059375