10 0.7578125 0.53125 0.0625 0.0578125
26 0.4328125 0.5328125 0.0640625 0.053125
8 0.6921875 0.5328125 0.0609375 0.0578125
0 0.5359375 0.4484375 0.053125 0.04375
24 0.3015625 0.5328125 0.0640625 0.05625
27 0.1703125 0.534375 0.0640625 0.053125
8 0.628125 0.5328125 0.0609375 0.0578125
24 0.3671875 0.5328125 0.0625 0.05625
1 0.5953125 0.4484375 0.0515625 0.04375
6 0.5625 0.5328125 0.0609375 0.05625
2 0.6546875 0.4484375 0.053125 0.046875
44 0.478125 0.4375 0.0515625 0.0203125
32 0.41875 0.4375 0.053125 0.01875
23 0.2375 0.534375 0.0625 0.05625
27 0.1015625 0.5359375 0.0640625 0.0546875
30 0.3578125 0.4359375 0.059375 0.0203125
14 0.4984375 0.53125 0.0625 0.0546875
29 0.8234375 0.53125 0.0625 0.0546875
47 0.890625 0.5296875 0.0609375 0.053125