13 0.409375 0.45 0.0671875 0.0609375
36 0.2625 0.3359375 0.0625 0.0203125
13 0.3390625 0.45 0.06875 0.059375
18 0.621875 0.45 0.0671875 0.059375
14 0.48125 0.4484375 0.0671875 0.0609375
11 0.2640625 0.45 0.06875 0.0609375
18 0.69375 0.45 0.06875 0.059375
17 0.58125 0.35625 0.059375 0.0546875
4 0.3265625 0.3546875 0.0609375 0.053125
20 0.76875 0.4515625 0.071875 0.0625
15 0.51875 0.35625 0.059375 0.053125
5 0.390625 0.3546875 0.0625 0.053125
6 0.4546875 0.35625 0.0640625 0.0546875
16 0.6453125 0.35625 0.0640625 0.0515625
3 0.1140625 0.45 0.0734375 0.0625
3 0.1890625 0.45 0.071875 0.0625
15 0.5515625 0.4515625 0.065625 0.0578125