26 0.6765625 0.425 0.0578125 0.0703125
26 0.734375 0.41875 0.0578125 0.06875
2 0.225 0.5015625 0.0703125 0.0765625
13 0.896875 0.3921875 0.0578125 0.06875
11 0.790625 0.409375 0.053125 0.0671875
23 0.559375 0.4484375 0.0609375 0.0734375
28 0.8421875 0.4 0.053125 0.0640625
5 0.365625 0.4796875 0.065625 0.0734375
23 0.61875 0.4375 0.05625 0.071875
20 0.4953125 0.4578125 0.0609375 0.071875
4 0.296875 0.490625 0.06875 0.075
1 0.1515625 0.5140625 0.0765625 0.078125
19 0.4328125 0.4671875 0.0609375 0.071875