18 0.7671875 0.4390625 0.059375 0.065625
23 0.575 0.4640625 0.0609375 0.0671875
20 0.7046875 0.4453125 0.0640625 0.0671875
24 0.509375 0.4734375 0.0625 0.06875
9 0.084375 0.5265625 0.06875 0.071875
10 0.1546875 0.5171875 0.06875 0.0703125
22 0.640625 0.4546875 0.0625 0.065625
34 0.49375 0.3640625 0.034375 0.040625
8 0.5875 0.3484375 0.0640625 0.0515625
8 0.6515625 0.34375 0.071875 0.0484375
8 0.7125 0.3359375 0.0734375 0.0515625
4 0.23125 0.509375 0.0703125 0.0671875
5 0.303125 0.4984375 0.0703125 0.071875
24 0.3734375 0.490625 0.065625 0.0703125
24 0.4421875 0.484375 0.065625 0.071875
27 0.8296875 0.428125 0.0609375 0.06875
27 0.8890625 0.4203125 0.0578125 0.0671875