28 0.7125 0.515625 0.071875 0.06875
29 0.79375 0.403125 0.0671875 0.0515625
8 0.5203125 0.4078125 0.0640625 0.0515625
8 0.453125 0.409375 0.0640625 0.0515625
0 0.3171875 0.4140625 0.0640625 0.0515625
48 0.6375 0.5171875 0.0703125 0.071875
8 0.5921875 0.4109375 0.0578125 0.053125
0 0.246875 0.4171875 0.0640625 0.0515625
29 0.725 0.4046875 0.065625 0.0515625
29 0.65625 0.40625 0.0640625 0.0515625
48 0.5609375 0.5171875 0.071875 0.0703125
0 0.384375 0.4125 0.065625 0.0515625
7 0.2625 0.534375 0.075 0.075
7 0.3390625 0.5328125 0.0734375 0.0734375
26 0.415625 0.53125 0.071875 0.071875
26 0.490625 0.525 0.0734375 0.065625