0 0.240625 0.5171875 0.0640625 0.06875
26 0.171875 0.5328125 0.071875 0.0828125
1 0.3140625 0.5046875 0.0671875 0.078125
2 0.378125 0.4921875 0.0640625 0.0765625
3 0.446875 0.4796875 0.0671875 0.078125
4 0.5109375 0.4640625 0.0625 0.075
4 0.575 0.45625 0.0609375 0.08125
22 0.6296875 0.4421875 0.0578125 0.0734375
23 0.6859375 0.4296875 0.0546875 0.078125
10 0.74375 0.4203125 0.0515625 0.071875
10 0.796875 0.409375 0.0546875 0.06875
11 0.8484375 0.4015625 0.0515625 0.0703125
12 0.8984375 0.3875 0.0546875 0.0734375
42 0.5140625 0.378125 0.05625 0.025
32 0.5734375 0.3703125 0.05 0.021875