18 0.6265625 0.49375 0.05625 0.053125
18 0.5671875 0.496875 0.053125 0.0546875
6 0.39375 0.5015625 0.0578125 0.053125
5 0.3328125 0.50625 0.05625 0.0578125
3 0.2140625 0.5078125 0.05625 0.0546875
25 0.740625 0.4921875 0.053125 0.059375
26 0.8 0.490625 0.05625 0.0578125
8 0.509375 0.5 0.05625 0.059375
3 0.275 0.50625 0.0546875 0.05625
16 0.9140625 0.4875 0.0546875 0.059375
46 0.096875 0.509375 0.0609375 0.053125
46 0.15625 0.5078125 0.0546875 0.053125
7 0.45 0.5 0.05625 0.05625
19 0.6828125 0.4921875 0.0578125 0.0546875
15 0.8578125 0.4859375 0.053125 0.0546875