11 0.196875 0.5234375 0.0671875 0.0703125
12 0.265625 0.5203125 0.0671875 0.0703125
23 0.8109375 0.4953125 0.0609375 0.0640625
10 0.1265625 0.5234375 0.06875 0.06875
4 0.609375 0.5046875 0.0625 0.0640625
29 0.5984375 0.4125 0.0578125 0.0515625
5 0.74375 0.496875 0.0640625 0.0640625
14 0.3359375 0.5171875 0.0640625 0.06875
29 0.6609375 0.409375 0.05625 0.0484375
16 0.4734375 0.5140625 0.0625 0.0703125
5 0.6765625 0.5 0.0609375 0.0640625
29 0.5359375 0.41875 0.0609375 0.0484375
15 0.403125 0.5125 0.0671875 0.0640625
3 0.5390625 0.5046875 0.0640625 0.0625
24 0.8765625 0.4890625 0.065625 0.0609375