18 0.3421875 0.5046875 0.0640625 0.0609375
11 0.1359375 0.5015625 0.0671875 0.0640625
12 0.2078125 0.5015625 0.0625 0.0640625
22 0.5375 0.5109375 0.0609375 0.0609375
22 0.475 0.50625 0.0625 0.0609375
7 0.7828125 0.5109375 0.065625 0.0640625
20 0.884375 0.528125 0.090625 0.046875
29 0.3671875 0.44375 0.0578125 0.053125
29 0.4890625 0.446875 0.0578125 0.0546875
13 0.275 0.5015625 0.0640625 0.0640625
19 0.6109375 0.45 0.0578125 0.0546875
6 0.715625 0.515625 0.0625 0.065625
40 0.3109375 0.421875 0.0578125 0.021875
19 0.5515625 0.4484375 0.059375 0.0546875
19 0.6734375 0.4484375 0.059375 0.0578125
19 0.40625 0.50625 0.065625 0.0625
5 0.603125 0.5125 0.0640625 0.0671875
29 0.4296875 0.44375 0.059375 0.0546875