46 0.49375 0.434375 0.05625 0.0515625
3 0.85 0.4578125 0.0640625 0.0546875
5 0.734375 0.471875 0.059375 0.0578125
46 0.4296875 0.43125 0.05625 0.0515625
3 0.790625 0.4640625 0.0625 0.0546875
5 0.6171875 0.4828125 0.059375 0.0578125
46 0.3703125 0.4390625 0.05625 0.0515625
25 0.24375 0.5203125 0.0625 0.0640625
20 0.4984375 0.49375 0.0640625 0.059375
24 0.309375 0.5140625 0.0609375 0.0625
15 0.175 0.5265625 0.0640625 0.0640625
23 0.3734375 0.5078125 0.059375 0.059375
16 0.1046875 0.534375 0.0671875 0.0625
21 0.4328125 0.5015625 0.0625 0.0625
19 0.559375 0.4890625 0.0609375 0.05625
5 0.6765625 0.4765625 0.0671875 0.05625