6 0.3484375 0.4921875 0.065625 0.071875
2 0.54375 0.4640625 0.059375 0.0671875
17 0.7828125 0.428125 0.05625 0.0671875
4 0.2046875 0.5125 0.071875 0.075
2 0.60625 0.4546875 0.0578125 0.0671875
1 0.8359375 0.41875 0.0546875 0.0640625
5 0.278125 0.503125 0.06875 0.071875
15 0.725 0.4375 0.0546875 0.0703125
15 0.6671875 0.4453125 0.0578125 0.0703125
1 0.8890625 0.4109375 0.0546875 0.0640625
23 0.4171875 0.484375 0.0625 0.071875
22 0.48125 0.471875 0.0640625 0.065625
19 0.1296875 0.5234375 0.071875 0.075