26 0.684375 0.490625 0.053125 0.0453125
24 0.58125 0.490625 0.046875 0.046875
18 0.2765625 0.490625 0.0515625 0.0453125
25 0.6328125 0.490625 0.046875 0.0453125
18 0.328125 0.4921875 0.05 0.0421875
11 0.1203125 0.4921875 0.0484375 0.0453125
23 0.53125 0.490625 0.0453125 0.04375
12 0.171875 0.4921875 0.05 0.04375
21 0.4296875 0.490625 0.0484375 0.04375
30 0.5046875 0.41875 0.0484375 0.015625
12 0.221875 0.4890625 0.05 0.04375
19 0.3796875 0.4890625 0.0484375 0.0421875
21 0.48125 0.4890625 0.0484375 0.04375
16 0.734375 0.490625 0.0484375 0.046875
6 0.7859375 0.4921875 0.053125 0.04375
7 0.840625 0.4921875 0.0546875 0.0453125
29 0.8921875 0.4921875 0.05 0.0421875