26 0.88125 0.45 0.053125 0.0453125
0 0.4671875 0.475 0.0484375 0.0421875
25 0.8296875 0.4515625 0.046875 0.0453125
0 0.571875 0.4671875 0.0453125 0.0421875
10 0.090625 0.496875 0.053125 0.046875
0 0.5203125 0.4703125 0.046875 0.04375
11 0.2546875 0.4890625 0.0515625 0.0453125
3 0.6234375 0.4640625 0.046875 0.0421875
11 0.146875 0.49375 0.053125 0.046875
3 0.7265625 0.459375 0.05 0.04375
3 0.675 0.4609375 0.046875 0.0421875
12 0.2 0.490625 0.053125 0.046875
12 0.3078125 0.484375 0.05 0.0453125
13 0.3625 0.48125 0.053125 0.046875
14 0.4140625 0.478125 0.0515625 0.0484375
24 0.778125 0.45625 0.0515625 0.0421875