12 0.88125 0.4078125 0.05 0.0609375
14 0.2984375 0.521875 0.0640625 0.06875
6 0.5515625 0.4734375 0.0546875 0.0671875
48 0.2296875 0.5359375 0.0671875 0.0703125
4 0.4296875 0.496875 0.0578125 0.0671875
5 0.490625 0.484375 0.0578125 0.0671875
25 0.8296875 0.4171875 0.0515625 0.0640625
15 0.365625 0.509375 0.0625 0.06875
5 0.609375 0.4609375 0.053125 0.065625
6 0.665625 0.4484375 0.0515625 0.0640625
7 0.7203125 0.4390625 0.0515625 0.0640625
48 0.1578125 0.55 0.0703125 0.0734375
20 0.775 0.428125 0.0515625 0.0609375
47 0.4953125 0.3796875 0.053125 0.040625
47 0.440625 0.390625 0.0546875 0.040625
47 0.55 0.3703125 0.0515625 0.0375