3 0.3171875 0.44375 0.0625 0.0515625
1 0.1890625 0.4671875 0.0625 0.0546875
2 0.2546875 0.459375 0.0609375 0.053125
10 0.6171875 0.4015625 0.0578125 0.05
12 0.559375 0.409375 0.059375 0.05
11 0.6734375 0.396875 0.0546875 0.0484375
49 0.3796875 0.4359375 0.0578125 0.05
44 0.1203125 0.4578125 0.0671875 0.0234375
17 0.371875 0.5375 0.0640625 0.065625
17 0.4390625 0.5296875 0.0640625 0.065625
49 0.44375 0.428125 0.059375 0.053125
49 0.4984375 0.4203125 0.0578125 0.0484375
27 0.7296875 0.396875 0.05625 0.0515625
27 0.790625 0.390625 0.059375 0.046875
27 0.8453125 0.3828125 0.0546875 0.0453125
5 0.50625 0.521875 0.0640625 0.0671875
6 0.571875 0.515625 0.0640625 0.0703125