13 0.2390625 0.496875 0.078125 0.0703125
12 0.159375 0.496875 0.0796875 0.0703125
21 0.7890625 0.496875 0.075 0.0703125
11 0.0796875 0.4953125 0.078125 0.0703125
15 0.478125 0.496875 0.0734375 0.0703125
23 0.9453125 0.503125 0.0765625 0.06875
15 0.55625 0.496875 0.0734375 0.0703125
42 0.58125 0.378125 0.0625 0.021875
32 0.5109375 0.378125 0.0609375 0.021875
22 0.865625 0.5 0.0734375 0.0671875
14 0.31875 0.496875 0.075 0.0703125
20 0.709375 0.496875 0.0734375 0.0703125
7 0.6484375 0.3953125 0.06875 0.053125
7 0.7203125 0.3984375 0.0671875 0.0546875
7 0.7890625 0.4 0.06875 0.053125
14 0.396875 0.4953125 0.0765625 0.0671875
17 0.634375 0.496875 0.075 0.06875