18 0.3515625 0.5609375 0.0859375 0.115625
18 0.440625 0.5609375 0.084375 0.115625
18 0.2609375 0.5609375 0.084375 0.1171875
18 0.171875 0.5609375 0.084375 0.1171875
1 0.4359375 0.190625 0.0828125 0.1171875
1 0.25625 0.190625 0.084375 0.11875
19 0.171875 0.684375 0.0859375 0.1203125
21 0.4421875 0.93125 0.0859375 0.1171875
1 0.1671875 0.190625 0.084375 0.11875
2 0.259375 0.3125 0.084375 0.1171875
21 0.3515625 0.93125 0.0875 0.11875
19 0.4421875 0.684375 0.084375 0.1171875
1 0.346875 0.190625 0.0859375 0.11875
19 0.2625 0.684375 0.0859375 0.11875
19 0.353125 0.684375 0.0859375 0.11875
25 0.6203125 0.8078125 0.08125 0.11875
21 0.2625 0.93125 0.0859375 0.11875
2 0.4375 0.3140625 0.0828125 0.1171875
26 0.6203125 0.93125 0.0875 0.1171875
26 0.890625 0.93125 0.0890625 0.11875
8 0.6171875 0.4375 0.0828125 0.1203125
25 0.8890625 0.8078125 0.0859375 0.1203125
7 0.615625 0.3140625 0.084375 0.121875
7 0.7921875 0.3125 0.0875 0.1203125
21 0.1703125 0.9328125 0.0890625 0.11875
24 0.796875 0.684375 0.084375 0.1171875
7 0.88125 0.3125 0.0875 0.1171875
6 0.6140625 0.190625 0.0828125 0.1203125
26 0.7984375 0.93125 0.0875 0.11875
24 0.884375 0.684375 0.084375 0.1171875
23 0.7953125 0.5609375 0.084375 0.1171875
23 0.6171875 0.5625 0.084375 0.1171875
23 0.70625 0.5625 0.084375 0.1171875
24 0.61875 0.684375 0.0828125 0.1171875
3 0.4390625 0.4375 0.0828125 0.1203125
0 0.34375 0.0671875 0.0828125 0.1140625
3 0.35 0.4375 0.0859375 0.11875
23 0.884375 0.5609375 0.0875 0.1171875
0 0.4328125 0.0671875 0.084375 0.1171875
20 0.171875 0.8078125 0.0875 0.11875
22 0.528125 0.5609375 0.084375 0.115625
8 0.7921875 0.4359375 0.084375 0.1203125
0 0.2546875 0.065625 0.0859375 0.1171875
7 0.703125 0.3140625 0.084375 0.1171875
0 0.165625 0.06875 0.0875 0.115625
4 0.521875 0.06875 0.0859375 0.11875
4 0.525 0.1921875 0.0859375 0.11875
4 0.5265625 0.3140625 0.0859375 0.11875
4 0.528125 0.4375 0.0859375 0.11875
5 0.6125 0.0703125 0.084375 0.1171875
5 0.7 0.0703125 0.0859375 0.115625
5 0.790625 0.0671875 0.0859375 0.121875
5 0.878125 0.06875 0.0890625 0.1140625
6 0.703125 0.190625 0.0859375 0.115625
6 0.790625 0.190625 0.0859375 0.1171875
6 0.8796875 0.190625 0.0828125 0.1203125
2 0.16875 0.3125 0.0890625 0.1234375
2 0.346875 0.3125 0.084375 0.1203125
3 0.16875 0.4375 0.0890625 0.11875
3 0.2609375 0.4375 0.0890625 0.11875
8 0.703125 0.4375 0.0828125 0.121875
8 0.88125 0.4359375 0.0875 0.11875
22 0.5296875 0.684375 0.08125 0.115625
22 0.53125 0.80625 0.0859375 0.1171875
22 0.5328125 0.9296875 0.0859375 0.1171875
24 0.70625 0.6828125 0.084375 0.11875
25 0.7078125 0.8046875 0.0859375 0.11875
25 0.7984375 0.8046875 0.084375 0.11875
26 0.7109375 0.9296875 0.084375 0.115625
20 0.2625 0.80625 0.0859375 0.11875
20 0.3546875 0.8078125 0.084375 0.1171875
20 0.4453125 0.80625 0.0828125 0.1203125