2 0.7328125 0.3765625 0.0609375 0.05
21 0.4484375 0.5515625 0.0734375 0.06875
18 0.49375 0.4015625 0.0625 0.053125
18 0.55625 0.39375 0.0609375 0.0515625
1 0.6734375 0.38125 0.053125 0.0484375
18 0.6171875 0.3875 0.0609375 0.0515625
3 0.79375 0.36875 0.059375 0.0484375
20 0.5875 0.5375 0.0734375 0.0671875
20 0.65625 0.53125 0.075 0.065625
22 0.378125 0.559375 0.0703125 0.0703125
47 0.371875 0.4125 0.059375 0.053125
30 0.1765625 0.4140625 0.06875 0.025
38 0.246875 0.44375 0.0640625 0.0265625
47 0.3078125 0.4203125 0.0640625 0.05625
47 0.434375 0.40625 0.0578125 0.053125
20 0.51875 0.5421875 0.0734375 0.06875