13 0.5484375 0.459375 0.0578125 0.065625
9 0.103125 0.484375 0.0640625 0.0625
10 0.8578125 0.440625 0.0578125 0.0640625
14 0.6109375 0.45625 0.05625 0.065625
5 0.7953125 0.44375 0.0578125 0.0609375
4 0.734375 0.446875 0.05625 0.059375
12 0.4859375 0.4640625 0.0578125 0.0671875
3 0.671875 0.45 0.0546875 0.059375
8 0.6265625 0.3703125 0.053125 0.046875
20 0.1671875 0.4796875 0.0671875 0.0625
8 0.5140625 0.365625 0.0640625 0.05
8 0.56875 0.3703125 0.0625 0.046875
20 0.2328125 0.4765625 0.0671875 0.0578125
21 0.296875 0.4734375 0.0640625 0.0578125
21 0.3625 0.4703125 0.0625 0.0609375
22 0.4234375 0.4671875 0.0609375 0.0578125