18 0.421875 0.4796875 0.0546875 0.0546875
20 0.534375 0.4703125 0.0546875 0.05625
13 0.3078125 0.490625 0.0546875 0.0578125
25 0.9171875 0.446875 0.0515625 0.0578125
2 0.753125 0.45625 0.0515625 0.0546875
11 0.8625 0.45 0.0515625 0.05625
9 0.0703125 0.50625 0.0578125 0.0546875
23 0.64375 0.4609375 0.05 0.0546875
2 0.8078125 0.4515625 0.0515625 0.05625
14 0.3640625 0.4859375 0.053125 0.0578125
24 0.6984375 0.459375 0.0515625 0.0546875
47 0.1328125 0.5015625 0.0546875 0.05625
47 0.1921875 0.4984375 0.0546875 0.05625
47 0.25 0.49375 0.0546875 0.05625
19 0.478125 0.4734375 0.053125 0.05625
22 0.5890625 0.465625 0.05 0.0546875