13 0.6046875 0.4578125 0.05625 0.06875
2 0.15 0.5296875 0.0734375 0.0765625
11 0.4859375 0.478125 0.0609375 0.0734375
5 0.2921875 0.5078125 0.0671875 0.0734375
16 0.6609375 0.45 0.0546875 0.06875
16 0.715625 0.4421875 0.0515625 0.0671875
23 0.821875 0.4234375 0.0515625 0.0640625
25 0.871875 0.4140625 0.0515625 0.0640625
10 0.421875 0.4875 0.0609375 0.071875
3 0.2234375 0.5171875 0.06875 0.0734375
7 0.3578125 0.496875 0.0609375 0.065625
12 0.546875 0.4671875 0.05625 0.06875
21 0.7703125 0.43125 0.05 0.065625
32 0.5953125 0.3890625 0.0484375 0.021875