10 0.2296875 0.471875 0.0625 0.0578125
10 0.421875 0.45625 0.059375 0.0546875
18 0.4703125 0.3953125 0.05625 0.046875
4 0.6625 0.4328125 0.05625 0.053125
10 0.159375 0.4765625 0.059375 0.05625
18 0.528125 0.390625 0.0578125 0.046875
3 0.721875 0.4328125 0.059375 0.05
48 0.23125 0.415625 0.0578125 0.05
48 0.2921875 0.409375 0.05625 0.046875
26 0.8171875 0.4078125 0.071875 0.0546875
18 0.584375 0.3859375 0.05625 0.04375
11 0.4828125 0.45 0.059375 0.0546875
12 0.5421875 0.44375 0.0578125 0.0546875
48 0.4140625 0.4015625 0.0578125 0.0484375
5 0.603125 0.4390625 0.0625 0.0546875
25 0.29375 0.465625 0.059375 0.0546875
48 0.3515625 0.40625 0.059375 0.0515625
24 0.359375 0.4640625 0.065625 0.0578125