40 0.196875 0.39375 0.0546875 0.0234375
49 0.4640625 0.4109375 0.0625 0.059375
17 0.765625 0.4109375 0.0640625 0.059375
26 0.6703125 0.4984375 0.071875 0.0703125
49 0.6328125 0.40625 0.0625 0.0578125
48 0.396875 0.4125 0.0640625 0.0578125
49 0.5296875 0.409375 0.0609375 0.0578125
23 0.5234375 0.4984375 0.0671875 0.0703125
21 0.2296875 0.4984375 0.0765625 0.071875
16 0.6984375 0.4109375 0.0625 0.059375
15 0.853125 0.4046875 0.0671875 0.0609375
23 0.4515625 0.4984375 0.06875 0.0703125
34 0.1296875 0.39375 0.0703125 0.0234375
48 0.2609375 0.409375 0.06875 0.059375
48 0.3296875 0.4109375 0.065625 0.059375
22 0.3046875 0.496875 0.071875 0.06875
23 0.378125 0.5 0.0703125 0.071875
24 0.596875 0.4984375 0.071875 0.0734375