28 0.1515625 0.4015625 0.0734375 0.0609375
28 0.23125 0.39375 0.0734375 0.059375
28 0.309375 0.3859375 0.0734375 0.0578125
3 0.8328125 0.4265625 0.0765625 0.0796875
17 0.5328125 0.3578125 0.071875 0.0484375
42 0.0703125 0.39375 0.0734375 0.0234375
4 0.759375 0.434375 0.075 0.08125
17 0.459375 0.3671875 0.071875 0.053125
13 0.6046875 0.4484375 0.075 0.0828125
17 0.3859375 0.375 0.0703125 0.053125
17 0.6046875 0.3515625 0.071875 0.05625
20 0.678125 0.3453125 0.08125 0.053125
19 0.7390625 0.321875 0.0765625 0.0578125
21 0.8125 0.3171875 0.0765625 0.0578125
25 0.3671875 0.48125 0.0765625 0.0875
25 0.446875 0.475 0.0765625 0.084375
2 0.5265625 0.4609375 0.0765625 0.0859375
14 0.6828125 0.440625 0.071875 0.0875