13 0.85 0.428125 0.0796875 0.071875
12 0.7703125 0.428125 0.0734375 0.0734375
11 0.690625 0.425 0.075 0.06875
15 0.7078125 0.3265625 0.0671875 0.053125
21 0.3796875 0.4203125 0.0765625 0.06875
21 0.3 0.4203125 0.0796875 0.06875
47 0.4984375 0.3203125 0.065625 0.05
22 0.4578125 0.4203125 0.0734375 0.0703125
34 0.2875 0.30625 0.0703125 0.0265625
47 0.3578125 0.3171875 0.0671875 0.0515625
47 0.428125 0.3203125 0.06875 0.0515625
14 0.5671875 0.3203125 0.0671875 0.053125
16 0.6390625 0.325 0.0671875 0.053125
6 0.5359375 0.4203125 0.075 0.0703125
6 0.6140625 0.4234375 0.075 0.0703125
20 0.1359375 0.41875 0.0859375 0.0734375
20 0.21875 0.41875 0.0859375 0.06875