0 0.3078125 0.3953125 0.0703125 0.0609375
13 0.234375 0.396875 0.0734375 0.0625
2 0.45625 0.3953125 0.0671875 0.0625
12 0.1578125 0.396875 0.0734375 0.0640625
27 0.3078125 0.3 0.065625 0.0515625
25 0.746875 0.3953125 0.06875 0.0703125
1 0.3828125 0.3953125 0.06875 0.0609375
5 0.50625 0.3015625 0.0609375 0.053125
4 0.571875 0.3 0.0609375 0.053125
27 0.3734375 0.3 0.0625 0.0515625
23 0.528125 0.39375 0.0671875 0.0625
42 0.175 0.284375 0.0625 0.0203125
25 0.675 0.3953125 0.06875 0.06875
3 0.440625 0.3015625 0.0625 0.05625
27 0.2390625 0.3 0.0625 0.053125
11 0.08125 0.3984375 0.0734375 0.0671875
25 0.6 0.3953125 0.071875 0.0625