16 0.26875 0.5171875 0.0578125 0.059375
8 0.5078125 0.4859375 0.0546875 0.0578125
10 0.1390625 0.5328125 0.0609375 0.059375
8 0.45 0.4921875 0.0546875 0.0578125
2 0.390625 0.5 0.0546875 0.0578125
22 0.7265625 0.45625 0.05 0.0515625
11 0.0734375 0.540625 0.0609375 0.0609375
23 0.778125 0.4484375 0.05 0.0546875
16 0.3296875 0.5078125 0.05625 0.0578125
36 0.7140625 0.371875 0.028125 0.034375
14 0.203125 0.5265625 0.0609375 0.0609375
20 0.5640625 0.4796875 0.05625 0.059375
21 0.6203125 0.471875 0.053125 0.05625
21 0.6765625 0.4640625 0.05 0.05625
47 0.83125 0.446875 0.0484375 0.0578125
27 0.8828125 0.4375 0.0453125 0.05625
49 0.934375 0.4328125 0.05 0.0609375