23 0.6140625 0.3875 0.0578125 0.053125
9 0.7984375 0.378125 0.0578125 0.053125
23 0.5515625 0.3921875 0.0578125 0.0546875
18 0.7375 0.38125 0.0578125 0.0515625
5 0.490625 0.39375 0.0578125 0.053125
1 0.2390625 0.403125 0.059375 0.053125
5 0.428125 0.396875 0.0578125 0.0515625
2 0.303125 0.4015625 0.0578125 0.0515625
19 0.6765625 0.384375 0.059375 0.0515625
10 0.8578125 0.375 0.0578125 0.0515625
3 0.365625 0.3984375 0.059375 0.053125
47 0.115625 0.409375 0.059375 0.05
47 0.178125 0.40625 0.0609375 0.053125