2 0.86875 0.3953125 0.06875 0.0609375
21 0.340625 0.3890625 0.065625 0.0609375
18 0.0640625 0.3828125 0.0734375 0.0625
20 0.203125 0.39375 0.071875 0.0625
1 0.8 0.39375 0.059375 0.0609375
5 0.6546875 0.328125 0.0578125 0.0515625
20 0.2734375 0.390625 0.065625 0.0625
4 0.53125 0.328125 0.0546875 0.0515625
25 0.40625 0.3875 0.0609375 0.0640625
14 0.665625 0.3890625 0.0609375 0.065625
3 0.590625 0.328125 0.05625 0.053125
0 0.734375 0.3921875 0.0609375 0.059375
19 0.134375 0.390625 0.0734375 0.0625
44 0.471875 0.3109375 0.0546875 0.0203125
38 0.353125 0.309375 0.0578125 0.01875
42 0.4125 0.309375 0.0546875 0.01875
25 0.471875 0.3890625 0.0609375 0.0625
12 0.534375 0.3890625 0.0640625 0.0609375
13 0.6015625 0.3890625 0.0625 0.0609375
19 0.5359375 0.55625 0.109375 0.0625