2 0.271875 0.503125 0.065625 0.059375
48 0.7234375 0.45625 0.059375 0.05625
5 0.5359375 0.4765625 0.059375 0.0578125
48 0.6625 0.4625 0.059375 0.05625
48 0.7828125 0.45 0.05625 0.0546875
5 0.6 0.4703125 0.059375 0.0578125
2 0.2015625 0.509375 0.0671875 0.0609375
26 0.84375 0.4453125 0.0625 0.059375
25 0.9015625 0.4375 0.0578125 0.0625
21 0.3375 0.496875 0.0671875 0.0625
20 0.4046875 0.490625 0.06875 0.0609375
6 0.471875 0.4828125 0.0609375 0.065625
34 0.471875 0.4046875 0.05625 0.025
30 0.53125 0.3984375 0.0578125 0.021875