4 0.8046875 0.45 0.0546875 0.05625
5 0.8671875 0.4453125 0.0640625 0.05625
21 0.196875 0.425 0.071875 0.05
25 0.4375 0.4640625 0.0578125 0.059375
10 0.5015625 0.4609375 0.0578125 0.059375
18 0.6703125 0.3515625 0.0625 0.03125
25 0.5734375 0.3796875 0.0515625 0.046875
11 0.5625 0.4546875 0.0546875 0.05625
14 0.6828125 0.4484375 0.0546875 0.0546875
23 0.3171875 0.4328125 0.0578125 0.053125
22 0.2625 0.4234375 0.0609375 0.05
23 0.459375 0.3984375 0.0515625 0.05
28 0.875 0.35 0.0703125 0.028125
14 0.7421875 0.4515625 0.053125 0.0546875
12 0.621875 0.446875 0.0546875 0.0546875
34 0.4015625 0.36875 0.0578125 0.0171875
20 0.1359375 0.4296875 0.0640625 0.0578125
24 0.3703125 0.45 0.0703125 0.0609375
24 0.5171875 0.3875 0.0546875 0.0515625