18 0.675 0.4375 0.0484375 0.040625
10 0.4359375 0.440625 0.0453125 0.0421875
20 0.771875 0.4359375 0.0546875 0.04375
12 0.4828125 0.4390625 0.04375 0.0421875
11 0.6265625 0.4375 0.0453125 0.0421875
10 0.53125 0.4375 0.04375 0.0421875
49 0.3375 0.4375 0.046875 0.040625
49 0.2875 0.4375 0.05 0.040625
12 0.578125 0.4375 0.04375 0.04375
49 0.2375 0.4421875 0.05 0.040625
25 0.5625 0.503125 0.046875 0.0515625
19 0.721875 0.4359375 0.046875 0.0421875
16 0.40625 0.5 0.05 0.0515625
22 0.6875 0.346875 0.0578125 0.03125
11 0.3875 0.4390625 0.0453125 0.0421875
23 0.5109375 0.5078125 0.0484375 0.0515625
23 0.5375 0.3359375 0.053125 0.028125
32 0.19375 0.4328125 0.046875 0.0203125
16 0.45625 0.5046875 0.05 0.053125