17 0.49375 0.425 0.075 0.0703125
12 0.6859375 0.3234375 0.0703125 0.0578125
17 0.5734375 0.425 0.0734375 0.0703125
6 0.653125 0.4265625 0.0765625 0.071875
11 0.6140625 0.3234375 0.06875 0.0578125
17 0.4140625 0.425 0.0765625 0.06875
10 0.5421875 0.321875 0.0703125 0.05625
40 0.2546875 0.30625 0.0671875 0.0265625
48 0.325 0.3234375 0.0671875 0.0578125
48 0.3953125 0.3234375 0.0703125 0.0578125
48 0.46875 0.321875 0.0734375 0.05625
9 0.0828125 0.425 0.08125 0.0703125
23 0.16875 0.425 0.084375 0.06875
28 0.2515625 0.4234375 0.08125 0.06875
25 0.3328125 0.425 0.078125 0.0734375
7 0.7328125 0.4265625 0.0734375 0.071875