0 0.528125 0.4796875 0.046875 0.0484375
4 0.7375 0.465625 0.0484375 0.05
6 0.7890625 0.4625 0.05 0.0484375
18 0.8421875 0.4609375 0.0484375 0.0515625
3 0.684375 0.46875 0.0484375 0.0484375
1 0.58125 0.4765625 0.0453125 0.0515625
22 0.2578125 0.4984375 0.0515625 0.0484375
24 0.3671875 0.490625 0.0515625 0.0484375
49 0.0921875 0.509375 0.05625 0.0484375
49 0.1484375 0.50625 0.0546875 0.0484375
21 0.203125 0.503125 0.0546875 0.0484375
23 0.3125 0.49375 0.0546875 0.05
24 0.4203125 0.4875 0.05625 0.0515625
26 0.475 0.4828125 0.0515625 0.05
3 0.63125 0.471875 0.053125 0.0515625
19 0.89375 0.4546875 0.05 0.0453125