2 0.6515625 0.421875 0.0453125 0.0375
28 0.740625 0.490625 0.0515625 0.046875
13 0.521875 0.4921875 0.05 0.05
12 0.4671875 0.49375 0.05 0.0515625
28 0.684375 0.490625 0.05 0.046875
14 0.5765625 0.4921875 0.05 0.05
36 0.30625 0.40625 0.0578125 0.015625
12 0.4109375 0.49375 0.0515625 0.05
22 0.3546875 0.4953125 0.0546875 0.0484375
26 0.5046875 0.421875 0.046875 0.0390625
38 0.3578125 0.409375 0.0453125 0.0171875
40 0.4078125 0.409375 0.046875 0.015625
24 0.45625 0.4203125 0.046875 0.0390625
25 0.553125 0.4203125 0.046875 0.0390625
3 0.603125 0.421875 0.0453125 0.040625
4 0.703125 0.4203125 0.05 0.0375
20 0.240625 0.496875 0.0625 0.0515625
21 0.2984375 0.4953125 0.0578125 0.05
15 0.63125 0.490625 0.05 0.0484375