21 0.565625 0.4953125 0.06875 0.06875
13 0.715625 0.38125 0.0609375 0.0515625
12 0.65 0.3828125 0.059375 0.0515625
10 0.7078125 0.490625 0.06875 0.0703125
14 0.78125 0.38125 0.0640625 0.053125
27 0.25625 0.4078125 0.0640625 0.05
27 0.390625 0.3921875 0.0609375 0.05
16 0.5859375 0.3859375 0.0609375 0.0515625
16 0.4546875 0.390625 0.059375 0.0515625
27 0.3234375 0.3984375 0.0609375 0.05
16 0.5203125 0.3859375 0.0625 0.0484375
19 0.278125 0.5046875 0.06875 0.06875
19 0.35 0.5015625 0.0703125 0.0671875
19 0.4234375 0.5 0.0703125 0.065625
20 0.49375 0.496875 0.06875 0.065625
22 0.634375 0.4921875 0.0671875 0.065625