13 0.4546875 0.50625 0.0578125 0.0546875
15 0.578125 0.5078125 0.0546875 0.053125
17 0.7203125 0.43125 0.053125 0.034375
13 0.5171875 0.50625 0.05625 0.0546875
15 0.665625 0.4265625 0.0515625 0.04375
25 0.7609375 0.509375 0.0578125 0.0578125
23 0.6984375 0.5078125 0.05625 0.05625
12 0.3921875 0.50625 0.0578125 0.0546875
12 0.3296875 0.50625 0.0625 0.0546875
16 0.6375 0.5078125 0.0546875 0.0546875
12 0.2640625 0.5078125 0.0609375 0.0546875
30 0.33125 0.4171875 0.05625 0.01875
34 0.3875 0.4203125 0.0515625 0.021875
6 0.44375 0.428125 0.0578125 0.04375
6 0.5 0.425 0.0546875 0.04375
6 0.5546875 0.425 0.0546875 0.046875
16 0.609375 0.425 0.053125 0.04375