6 0.265625 0.5171875 0.0734375 0.078125
27 0.7109375 0.4484375 0.0546875 0.065625
28 0.8171875 0.4296875 0.0515625 0.065625
2 0.4046875 0.4984375 0.065625 0.075
11 0.8671875 0.421875 0.05 0.065625
0 0.5921875 0.46875 0.0578125 0.0671875
27 0.7640625 0.4390625 0.0546875 0.0640625
4 0.3375 0.50625 0.0640625 0.0734375
15 0.9171875 0.4140625 0.0515625 0.065625
25 0.1046875 0.5453125 0.075 0.08125
1 0.4703125 0.4875 0.0640625 0.071875
1 0.53125 0.478125 0.0609375 0.0703125
19 0.9671875 0.4046875 0.05 0.0640625
0 0.653125 0.4578125 0.059375 0.0703125
24 0.1796875 0.5328125 0.0703125 0.0765625