27 0.203125 0.50625 0.071875 0.075
26 0.5421875 0.4515625 0.0640625 0.0765625
14 0.3484375 0.4828125 0.065625 0.0734375
27 0.2765625 0.49375 0.0671875 0.071875
24 0.4140625 0.4734375 0.06875 0.0765625
25 0.4796875 0.4578125 0.0625 0.071875
12 0.1296875 0.51875 0.0765625 0.0796875
20 0.6015625 0.4375 0.0609375 0.0671875
21 0.6640625 0.4234375 0.0578125 0.0671875
22 0.7203125 0.4171875 0.0578125 0.075
0 0.771875 0.4078125 0.05625 0.06875
1 0.8234375 0.4 0.053125 0.06875
2 0.8765625 0.390625 0.0546875 0.071875
34 0.5390625 0.371875 0.0546875 0.021875
32 0.5953125 0.3609375 0.053125 0.0203125