11 0.1265625 0.525 0.0609375 0.0578125
13 0.1875 0.5203125 0.0578125 0.0546875
9 0.0640625 0.53125 0.0609375 0.05625
1 0.8421875 0.4671875 0.046875 0.05
1 0.79375 0.4703125 0.046875 0.05
25 0.475 0.496875 0.0515625 0.053125
26 0.3625 0.50625 0.053125 0.053125
26 0.41875 0.5015625 0.053125 0.0515625
2 0.7421875 0.475 0.0515625 0.05
23 0.690625 0.48125 0.0484375 0.0515625
32 0.69375 0.390625 0.0484375 0.0203125
14 0.246875 0.515625 0.059375 0.053125
15 0.30625 0.5140625 0.0578125 0.05625
24 0.528125 0.49375 0.053125 0.0546875
24 0.584375 0.490625 0.0515625 0.053125
24 0.6375 0.4875 0.0515625 0.0578125
47 0.8953125 0.4640625 0.05 0.053125
34 0.5765625 0.415625 0.05 0.0171875
42 0.5140625 0.425 0.0484375 0.0171875