23 0.6609375 0.453125 0.05625 0.0625
0 0.1625 0.496875 0.0578125 0.059375
1 0.29375 0.4875 0.05625 0.0609375
25 0.78125 0.44375 0.05625 0.0609375
9 0.5375 0.3921875 0.053125 0.0390625
9 0.59375 0.3859375 0.0515625 0.0390625
27 0.840625 0.4390625 0.05625 0.0578125
12 0.4796875 0.471875 0.05625 0.0609375
2 0.35625 0.4828125 0.059375 0.0609375
20 0.0984375 0.5046875 0.0671875 0.0640625
12 0.540625 0.465625 0.0546875 0.0609375
9 0.478125 0.3984375 0.05625 0.0375
0 0.228125 0.490625 0.0640625 0.0609375
3 0.4171875 0.475 0.0609375 0.0609375
22 0.6 0.4578125 0.059375 0.0578125
24 0.721875 0.4484375 0.059375 0.059375