11 0.6921875 0.4703125 0.0453125 0.04375
28 0.59375 0.46875 0.0453125 0.0421875
28 0.5453125 0.46875 0.0453125 0.0421875
9 0.4 0.46875 0.0453125 0.0421875
28 0.4984375 0.46875 0.0453125 0.0421875
36 0.5734375 0.390625 0.040625 0.0125
22 0.3171875 0.4703125 0.0453125 0.0421875
16 0.640625 0.4703125 0.04375 0.0453125
22 0.2671875 0.4703125 0.046875 0.0421875
5 0.16875 0.471875 0.0484375 0.046875
14 0.4484375 0.46875 0.0453125 0.04375
11 0.7421875 0.4734375 0.046875 0.0453125
34 0.53125 0.3921875 0.0421875 0.0125
32 0.4875 0.3921875 0.040625 0.0140625
21 0.7640625 0.40625 0.05 0.0375
1 0.840625 0.4734375 0.04375 0.0453125
6 0.8875 0.475 0.0515625 0.04375
6 0.2171875 0.471875 0.053125 0.04375
4 0.11875 0.46875 0.0515625 0.0421875