4 0.740625 0.4546875 0.0453125 0.046875
2 0.6390625 0.4640625 0.0484375 0.0484375
6 0.7875 0.4515625 0.0515625 0.046875
17 0.078125 0.51875 0.0640625 0.053125
3 0.690625 0.4609375 0.0515625 0.0484375
17 0.140625 0.5125 0.059375 0.0546875
26 0.884375 0.440625 0.053125 0.046875
23 0.31875 0.496875 0.053125 0.0515625
21 0.375 0.490625 0.0546875 0.0484375
15 0.2609375 0.5015625 0.05625 0.0515625
11 0.5890625 0.46875 0.05 0.0484375
16 0.2015625 0.5078125 0.0578125 0.053125
19 0.4296875 0.4859375 0.0515625 0.05
19 0.4828125 0.478125 0.0515625 0.046875
10 0.5375 0.4765625 0.05 0.0515625
7 0.8390625 0.4453125 0.046875 0.046875
30 0.6 0.4046875 0.046875 0.0171875