18 0.7640625 0.4828125 0.0609375 0.059375
16 0.3609375 0.5328125 0.065625 0.0625
18 0.8265625 0.475 0.059375 0.0578125
21 0.5703125 0.50625 0.065625 0.059375
27 0.6296875 0.396875 0.0609375 0.0484375
6 0.5015625 0.515625 0.065625 0.0625
12 0.2140625 0.5515625 0.0703125 0.06875
14 0.2890625 0.5421875 0.06875 0.065625
27 0.6859375 0.3890625 0.0609375 0.0484375
27 0.56875 0.403125 0.059375 0.0515625
30 0.440625 0.403125 0.053125 0.0265625
38 0.503125 0.396875 0.0546875 0.0234375
5 0.43125 0.525 0.0671875 0.059375
21 0.6359375 0.5 0.0609375 0.0546875
21 0.7 0.4921875 0.059375 0.0578125
24 0.8890625 0.4671875 0.059375 0.0640625
24 0.9484375 0.4625 0.0609375 0.0625