11 0.1046875 0.50625 0.0640625 0.05625
2 0.671875 0.5046875 0.0578125 0.053125
7 0.4859375 0.50625 0.059375 0.0546875
5 0.3609375 0.50625 0.0625 0.0546875
36 0.365625 0.40625 0.0515625 0.0203125
0 0.5484375 0.503125 0.05625 0.0515625
15 0.7359375 0.5046875 0.0578125 0.0546875
1 0.609375 0.5046875 0.05625 0.0515625
12 0.1703125 0.50625 0.059375 0.05625
34 0.30625 0.40625 0.046875 0.021875
6 0.4234375 0.50625 0.059375 0.0546875
16 0.7984375 0.50625 0.05625 0.0546875
19 0.2359375 0.50625 0.0625 0.0546875
17 0.8640625 0.50625 0.065625 0.05625
19 0.296875 0.50625 0.0609375 0.053125
40 0.9453125 0.2921875 0.025 0.021875