13 0.715625 0.4859375 0.0578125 0.053125
23 0.7765625 0.484375 0.0578125 0.053125
11 0.5921875 0.4875 0.05625 0.0515625
0 0.346875 0.490625 0.059375 0.0515625
0 0.2828125 0.4921875 0.059375 0.0515625
27 0.5859375 0.4046875 0.053125 0.0421875
27 0.6453125 0.40625 0.0546875 0.04375
1 0.40625 0.490625 0.0546875 0.0515625
2 0.4671875 0.4890625 0.0578125 0.0515625
27 0.51875 0.4078125 0.053125 0.04375
12 0.653125 0.4859375 0.05625 0.053125
47 0.1015625 0.4921875 0.0578125 0.0546875
47 0.159375 0.49375 0.059375 0.053125
47 0.221875 0.4921875 0.059375 0.05
3 0.5296875 0.4890625 0.0625 0.053125
24 0.8375 0.484375 0.0609375 0.0515625