2 0.2234375 0.4921875 0.0546875 0.0453125
15 0.475 0.4921875 0.046875 0.0453125
10 0.7703125 0.4921875 0.05 0.0453125
21 0.621875 0.4921875 0.046875 0.0453125
1 0.175 0.4921875 0.04375 0.0453125
14 0.4265625 0.4921875 0.0484375 0.0484375
13 0.275 0.4921875 0.05 0.046875
13 0.375 0.4921875 0.05 0.046875
13 0.325 0.4921875 0.05 0.046875
0 0.1265625 0.490625 0.0546875 0.04375
32 0.4421875 0.4125 0.0375 0.015625
47 0.8703125 0.4921875 0.0515625 0.04375
20 0.5734375 0.4921875 0.046875 0.0484375
16 0.5234375 0.490625 0.046875 0.0453125
22 0.671875 0.4921875 0.046875 0.0453125
9 0.721875 0.4921875 0.05 0.0453125
11 0.821875 0.490625 0.0453125 0.04375