1 0.4828125 0.384375 0.0578125 0.053125
3 0.4921875 0.471875 0.0703125 0.0625
22 0.3671875 0.409375 0.0703125 0.0546875
26 0.2875 0.5046875 0.0875 0.0609375
4 0.6671875 0.4390625 0.08125 0.059375
26 0.353125 0.4953125 0.078125 0.0609375
4 0.6078125 0.4484375 0.08125 0.0625
22 0.3046875 0.41875 0.075 0.0546875
3 0.546875 0.459375 0.078125 0.065625
12 0.828125 0.4109375 0.0671875 0.0625
22 0.4234375 0.39375 0.0671875 0.0546875
2 0.4265625 0.4828125 0.0734375 0.0609375
38 0.2265625 0.4109375 0.0640625 0.028125
0 0.5375 0.371875 0.0734375 0.0484375
2 0.5953125 0.36875 0.075 0.05625
42 0.6328125 0.340625 0.0515625 0.01875
32 0.6859375 0.3328125 0.0484375 0.0234375
10 0.7234375 0.4296875 0.0671875 0.0578125
11 0.7765625 0.41875 0.06875 0.0578125