11 0.3109375 0.4515625 0.0640625 0.065625
10 0.2375 0.4609375 0.0671875 0.0671875
26 0.89375 0.3796875 0.059375 0.0640625
11 0.64375 0.40625 0.0578125 0.0640625
11 0.5796875 0.41875 0.059375 0.0640625
9 0.165625 0.46875 0.0703125 0.06875
23 0.4484375 0.434375 0.0625 0.0640625
23 0.5140625 0.428125 0.0625 0.0640625
8 0.090625 0.478125 0.0765625 0.071875
3 0.834375 0.3875 0.0609375 0.0625
7 0.70625 0.4015625 0.059375 0.065625
5 0.76875 0.3953125 0.0625 0.0671875
25 0.3796875 0.4453125 0.0640625 0.0703125
36 0.4109375 0.3546875 0.0578125 0.0234375
42 0.4734375 0.34375 0.059375 0.025