18 0.4609375 0.384375 0.05625 0.0421875
1 0.390625 0.584375 0.06875 0.0578125
38 0.346875 0.371875 0.05625 0.0234375
9 0.346875 0.4703125 0.0625 0.059375
7 0.48125 0.4671875 0.0640625 0.059375
14 0.696875 0.3828125 0.0609375 0.05
48 0.546875 0.46875 0.0609375 0.0578125
23 0.5484375 0.59375 0.06875 0.059375
32 0.284375 0.3703125 0.065625 0.01875
19 0.4015625 0.384375 0.0546875 0.0453125
20 0.51875 0.384375 0.05625 0.04375
13 0.5796875 0.3859375 0.05625 0.046875
12 0.6375 0.3859375 0.0578125 0.0484375
27 0.6109375 0.4734375 0.0625 0.053125
17 0.6734375 0.4609375 0.059375 0.0625
13 0.415625 0.46875 0.0640625 0.059375
0 0.3140625 0.5859375 0.075 0.0625
22 0.4640625 0.590625 0.0703125 0.0625