2 0.4078125 0.40625 0.0640625 0.0546875
14 0.20625 0.4078125 0.0671875 0.059375
1 0.340625 0.40625 0.0609375 0.05625
14 0.2734375 0.40625 0.0640625 0.059375
12 0.1375 0.4078125 0.0640625 0.0578125
0 0.4828125 0.3078125 0.053125 0.0484375
32 0.3078125 0.2953125 0.0546875 0.01875
24 0.8046875 0.4078125 0.0640625 0.0640625
3 0.4734375 0.4046875 0.0625 0.0578125
11 0.0703125 0.4078125 0.0625 0.0578125
23 0.7375 0.4078125 0.0625 0.059375
0 0.3640625 0.3109375 0.059375 0.0515625
0 0.4234375 0.3109375 0.05625 0.05
5 0.540625 0.40625 0.0609375 0.05625
21 0.60625 0.4046875 0.0609375 0.05625
22 0.6703125 0.4046875 0.0625 0.05625
25 0.8703125 0.40625 0.065625 0.0609375