26 0.74375 0.4609375 0.0765625 0.0625
21 0.6328125 0.3578125 0.0640625 0.05
14 0.2515625 0.4015625 0.0609375 0.05625
12 0.3828125 0.3890625 0.0625 0.0546875
16 0.4484375 0.3828125 0.0609375 0.0546875
27 0.2390625 0.503125 0.0734375 0.0640625
21 0.3890625 0.4890625 0.0703125 0.0625
16 0.5734375 0.36875 0.059375 0.0515625
27 0.3140625 0.49375 0.06875 0.0625
13 0.3171875 0.396875 0.065625 0.059375
19 0.69375 0.35 0.0703125 0.05625
22 0.4609375 0.484375 0.06875 0.065625
23 0.5328125 0.4796875 0.071875 0.071875
24 0.6015625 0.475 0.0734375 0.0734375
25 0.66875 0.4640625 0.0765625 0.0671875
16 0.5109375 0.375 0.0640625 0.05625