18 0.509375 0.48125 0.0609375 0.06875
11 0.384375 0.5046875 0.0609375 0.0703125
10 0.31875 0.515625 0.0609375 0.0734375
8 0.18125 0.5375 0.0703125 0.075
8 0.25 0.5265625 0.0703125 0.0765625
12 0.4484375 0.4953125 0.0609375 0.0703125
19 0.56875 0.471875 0.0578125 0.071875
20 0.6265625 0.4609375 0.0609375 0.0703125
20 0.6828125 0.45 0.0515625 0.0671875
21 0.7421875 0.440625 0.053125 0.0671875
22 0.7890625 0.4328125 0.0515625 0.0703125
16 0.8421875 0.4234375 0.0453125 0.0671875
17 0.890625 0.4125 0.0484375 0.065625