18 0.3328125 0.5171875 0.0671875 0.059375
18 0.2625 0.515625 0.065625 0.0578125
8 0.7890625 0.4390625 0.0640625 0.0546875
23 0.5359375 0.51875 0.0625 0.0578125
21 0.46875 0.5171875 0.065625 0.059375
17 0.671875 0.5203125 0.0625 0.059375
17 0.603125 0.51875 0.0609375 0.059375
0 0.478125 0.428125 0.05625 0.046875
34 0.1703125 0.41875 0.0609375 0.021875
7 0.721875 0.434375 0.0578125 0.0515625
19 0.7390625 0.521875 0.0640625 0.0578125
47 0.2296875 0.4296875 0.0609375 0.053125
47 0.29375 0.428125 0.0609375 0.0484375
47 0.35625 0.4265625 0.0578125 0.05
47 0.415625 0.428125 0.0578125 0.05
0 0.5375 0.4328125 0.0609375 0.0484375
0 0.6 0.43125 0.059375 0.046875
6 0.6609375 0.43125 0.0578125 0.0484375
19 0.4 0.5171875 0.065625 0.059375