18 0.08125 0.5015625 0.0625 0.0515625
24 0.6296875 0.5046875 0.0578125 0.053125
18 0.1421875 0.5015625 0.0625 0.053125
36 0.375 0.4078125 0.053125 0.0203125
18 0.590625 0.421875 0.0515625 0.046875
18 0.203125 0.5015625 0.0625 0.053125
28 0.8140625 0.5046875 0.059375 0.0515625
20 0.325 0.5015625 0.0609375 0.0546875
24 0.690625 0.5046875 0.0578125 0.053125
20 0.3875 0.5015625 0.0609375 0.0546875
23 0.56875 0.503125 0.0546875 0.0515625
20 0.6453125 0.421875 0.0546875 0.0484375
21 0.4484375 0.5015625 0.059375 0.0515625
40 0.4828125 0.4078125 0.0515625 0.0203125
42 0.4296875 0.4078125 0.0515625 0.0171875
19 0.5359375 0.4234375 0.05 0.0453125
19 0.265625 0.503125 0.05625 0.053125
22 0.5078125 0.503125 0.059375 0.046875
25 0.7515625 0.50625 0.0578125 0.0515625
30 0.928125 0.334375 0.0296875 0.0265625