11 0.3578125 0.4828125 0.0578125 0.065625
47 0.1640625 0.5203125 0.0625 0.0671875
9 0.296875 0.49375 0.059375 0.0671875
25 0.590625 0.4359375 0.0515625 0.0640625
47 0.23125 0.50625 0.0625 0.065625
18 0.41875 0.4703125 0.05625 0.0640625
19 0.5359375 0.446875 0.0546875 0.0640625
0 0.6453125 0.425 0.05 0.0609375
6 0.7984375 0.3953125 0.046875 0.0609375
19 0.478125 0.459375 0.0578125 0.0640625
5 0.696875 0.415625 0.0484375 0.0609375
8 0.85 0.3859375 0.0484375 0.0609375
5 0.7484375 0.40625 0.046875 0.0609375
48 0.55625 0.3546875 0.0515625 0.0375
48 0.6046875 0.346875 0.0484375 0.0390625
48 0.653125 0.3390625 0.046875 0.0359375