11 0.4625 0.5125 0.0734375 0.06875
10 0.378125 0.5171875 0.0765625 0.071875
11 0.54375 0.5078125 0.071875 0.06875
9 0.3 0.5265625 0.075 0.0734375
14 0.240625 0.3984375 0.065625 0.05625
8 0.771875 0.4859375 0.084375 0.071875
8 0.69375 0.49375 0.0765625 0.071875
16 0.58125 0.3609375 0.0640625 0.0515625
23 0.38125 0.3828125 0.0625 0.0546875
12 0.16875 0.409375 0.0671875 0.059375
13 0.3125 0.3921875 0.071875 0.0578125
24 0.45 0.378125 0.071875 0.05625
22 0.5171875 0.3671875 0.06875 0.05625
16 0.6484375 0.35625 0.0640625 0.0546875
16 0.7125 0.35 0.0671875 0.053125
12 0.6171875 0.5 0.08125 0.0671875