11 0.4515625 0.4765625 0.0609375 0.071875
26 0.1828125 0.521875 0.0671875 0.0765625
10 0.3875 0.4875 0.0625 0.0734375
26 0.253125 0.5078125 0.0671875 0.075
9 0.934375 0.3890625 0.0484375 0.0640625
23 0.8390625 0.40625 0.0515625 0.0640625
3 0.5140625 0.4640625 0.059375 0.06875
9 0.8875 0.3984375 0.0484375 0.0640625
10 0.684375 0.4359375 0.0546875 0.06875
15 0.1109375 0.53125 0.0703125 0.078125
23 0.7890625 0.415625 0.0515625 0.065625
23 0.7375 0.4265625 0.0515625 0.065625
12 0.3203125 0.496875 0.0640625 0.075
1 0.5703125 0.453125 0.059375 0.0671875
1 0.6296875 0.44375 0.0546875 0.06875
40 0.6078125 0.3765625 0.0484375 0.0203125
38 0.6609375 0.36875 0.0515625 0.0203125