11 0.4625 0.3921875 0.0640625 0.0625
8 0.7453125 0.3953125 0.071875 0.065625
18 0.6765625 0.2921875 0.0609375 0.0515625
10 0.3921875 0.3921875 0.065625 0.0609375
26 0.70625 0.4859375 0.0765625 0.0703125
49 0.25 0.3890625 0.0734375 0.0609375
26 0.6296875 0.4859375 0.0734375 0.071875
49 0.1796875 0.3875 0.0734375 0.059375
21 0.553125 0.4859375 0.071875 0.0734375
16 0.321875 0.4875 0.075 0.075
7 0.671875 0.396875 0.065625 0.0640625
49 0.321875 0.390625 0.0703125 0.0640625
12 0.53125 0.3953125 0.0671875 0.0640625
6 0.6015625 0.39375 0.0671875 0.0609375
14 0.24375 0.4875 0.0765625 0.075
19 0.3984375 0.4875 0.075 0.075
20 0.4765625 0.4859375 0.075 0.0734375