18 0.084375 0.4078125 0.078125 0.065625
28 0.6953125 0.4109375 0.065625 0.065625
28 0.7828125 0.41875 0.09375 0.05
28 0.5265625 0.40625 0.0640625 0.065625
25 0.3703125 0.325 0.059375 0.05625
4 0.6109375 0.4171875 0.0921875 0.05
25 0.3046875 0.325 0.0625 0.05625
9 0.5 0.3234375 0.0578125 0.0546875
19 0.1625 0.4109375 0.075 0.0671875
9 0.63125 0.3046875 0.0578125 0.0515625
9 0.565625 0.30625 0.05625 0.053125
4 0.609375 0.3671875 0.0875 0.04375
25 0.434375 0.33125 0.059375 0.0578125
38 0.2390625 0.3109375 0.0609375 0.0203125
22 0.3140625 0.409375 0.0703125 0.065625
20 0.2421875 0.4109375 0.06875 0.0703125
23 0.3875 0.4078125 0.06875 0.065625
24 0.45625 0.4078125 0.06875 0.0671875