18 0.596875 0.4578125 0.0703125 0.08125
18 0.525 0.4703125 0.0703125 0.08125
10 0.45 0.484375 0.0765625 0.0859375
13 0.8625 0.4109375 0.0640625 0.08125
9 0.3703125 0.5 0.0796875 0.0984375
5 0.6703125 0.4453125 0.0703125 0.08125
4 0.11875 0.534375 0.084375 0.0984375
5 0.2046875 0.5234375 0.0875 0.0890625
3 0.2921875 0.5140625 0.0796875 0.0921875
5 0.7359375 0.4359375 0.071875 0.0875
4 0.803125 0.4234375 0.0609375 0.0828125
15 0.9234375 0.4015625 0.065625 0.0921875
34 0.4921875 0.3890625 0.0609375 0.025