9 0.5796875 0.5140625 0.0578125 0.0671875
11 0.70625 0.5078125 0.059375 0.065625
12 0.76875 0.5046875 0.0609375 0.0640625
46 0.7171875 0.409375 0.05625 0.0453125
10 0.64375 0.509375 0.059375 0.0640625
6 0.2625 0.5296875 0.0625 0.065625
6 0.328125 0.525 0.0625 0.065625
49 0.428125 0.421875 0.0546875 0.0453125
46 0.659375 0.4125 0.0546875 0.0453125
23 0.4546875 0.51875 0.059375 0.0625
49 0.4875 0.41875 0.0546875 0.0453125
5 0.196875 0.53125 0.0640625 0.0625
46 0.5453125 0.415625 0.0546875 0.04375
49 0.3703125 0.4234375 0.05625 0.0484375
46 0.603125 0.415625 0.053125 0.04375
22 0.390625 0.51875 0.059375 0.0578125
24 0.5171875 0.5140625 0.0640625 0.0609375