14 0.6609375 0.425 0.046875 0.0390625
25 0.6046875 0.4875 0.0453125 0.046875
17 0.5203125 0.421875 0.04375 0.034375
26 0.65625 0.4890625 0.0515625 0.046875
24 0.45 0.484375 0.05 0.04375
25 0.553125 0.4875 0.046875 0.0453125
24 0.5015625 0.4859375 0.0484375 0.04375
12 0.6125 0.4234375 0.0421875 0.034375
23 0.3984375 0.484375 0.0484375 0.04375
30 0.2890625 0.409375 0.040625 0.01875
22 0.3453125 0.4828125 0.0515625 0.0453125
17 0.5671875 0.4234375 0.0421875 0.034375
13 0.709375 0.428125 0.046875 0.0421875
20 0.3328125 0.4234375 0.0453125 0.0328125
20 0.3796875 0.4234375 0.04375 0.0296875
20 0.428125 0.4234375 0.0453125 0.034375
17 0.475 0.4234375 0.04375 0.034375