13 0.4375 0.5265625 0.075 0.0703125
9 0.3609375 0.415625 0.06875 0.0640625
9 0.2125 0.415625 0.0703125 0.065625
9 0.2859375 0.415625 0.0703125 0.065625
0 0.6515625 0.4125 0.06875 0.0625
1 0.7234375 0.4140625 0.065625 0.0625
1 0.6 0.525 0.075 0.0671875
2 0.796875 0.4140625 0.06875 0.0640625
23 0.271875 0.53125 0.0796875 0.06875
4 0.434375 0.415625 0.06875 0.0625
22 0.1890625 0.5328125 0.0796875 0.06875
4 0.578125 0.415625 0.065625 0.0640625
44 0.140625 0.3984375 0.065625 0.0234375
4 0.509375 0.4140625 0.06875 0.065625
15 0.5171875 0.525 0.078125 0.0703125
1 0.6796875 0.525 0.0765625 0.065625
24 0.3546875 0.528125 0.0875 0.071875