36 0.8953125 0.6265625 0.0796875 0.0421875
27 0.646875 0.2796875 0.090625 0.128125
27 0.64375 0.4171875 0.090625 0.125
27 0.6359375 0.6734375 0.0875 0.115625
29 0.7390625 0.2828125 0.0875 0.128125
29 0.7359375 0.415625 0.0875 0.1234375
28 0.55 0.4171875 0.090625 0.1265625
46 0.146875 0.559375 0.1015625 0.13125
28 0.5453125 0.6765625 0.0875 0.11875
28 0.5484375 0.55 0.0890625 0.121875
29 0.725 0.6671875 0.08125 0.1140625
27 0.640625 0.546875 0.0890625 0.11875
49 0.35625 0.6859375 0.09375 0.1203125
49 0.35 0.2765625 0.0984375 0.1375
28 0.55 0.2796875 0.0921875 0.13125
49 0.353125 0.41875 0.0984375 0.13125
29 0.73125 0.54375 0.0859375 0.11875
49 0.35625 0.5546875 0.0953125 0.125
46 0.1421875 0.4203125 0.1046875 0.1359375
48 0.253125 0.5578125 0.1 0.1265625
32 0.9125 0.3796875 0.084375 0.0453125
47 0.4515625 0.6796875 0.0890625 0.11875
47 0.45 0.2765625 0.096875 0.13125
40 0.825 0.3796875 0.0828125 0.0546875
46 0.153125 0.69375 0.1015625 0.125
48 0.25 0.41875 0.1015625 0.13125
47 0.453125 0.5515625 0.0921875 0.11875
47 0.453125 0.4171875 0.09375 0.1265625
48 0.25625 0.6875 0.096875 0.115625
48 0.246875 0.2734375 0.109375 0.1375
38 0.8296875 0.2453125 0.0875 0.0515625
30 0.9203125 0.2484375 0.0890625 0.053125
42 0.81875 0.50625 0.0875 0.0390625
34 0.9046875 0.50625 0.0796875 0.0390625
44 0.8109375 0.628125 0.0796875 0.046875