27 0.50703125 0.16640625 0.10546875 0.06015625
31 0.50703125 0.22578125 0.10546875 0.05859375
32 0.5046875 0.2859375 0.10546875 0.059375
29 0.50625 0.3453125 0.10703125 0.0578125
13 0.50625 0.40390625 0.10859375 0.05859375
22 0.50625 0.46328125 0.109375 0.059375
4 0.50625 0.52109375 0.10859375 0.05703125
4 0.50546875 0.58046875 0.1046875 0.05859375
6 0.50546875 0.640625 0.11171875 0.06484375
28 0.50390625 0.7 0.10625 0.06171875
0 0.50546875 0.7609375 0.10859375 0.0609375
6 0.50390625 0.821875 0.10859375 0.059375
19 0.50546875 0.88125 0.10625 0.059375
14 0.5046875 0.9421875 0.10703125 0.06015625