33 0.90859375 0.6734375 0.0890625 0.3078125
33 0.8390625 0.66953125 0.08203125 0.2921875
30 0.77578125 0.659375 0.08203125 0.29609375
30 0.70625 0.64453125 0.06640625 0.30390625
30 0.640625 0.62890625 0.06953125 0.28828125
28 0.57578125 0.61328125 0.06484375 0.29609375
28 0.5109375 0.609375 0.0640625 0.28828125
28 0.446875 0.5921875 0.06484375 0.284375
24 0.38359375 0.58828125 0.071875 0.284375
24 0.3203125 0.575 0.075 0.28828125
24 0.25625 0.565625 0.0765625 0.2765625
22 0.19296875 0.56328125 0.08125 0.28046875
22 0.12734375 0.54453125 0.084375 0.28046875