32 0.88203125 0.14921875 0.15078125 0.08671875
6 0.884375 0.23359375 0.15 0.08671875
8 0.8875 0.3140625 0.15078125 0.08671875
27 0.8890625 0.39375 0.15078125 0.08671875
11 0.8890625 0.478125 0.15078125 0.08671875
13 0.8921875 0.56171875 0.15078125 0.08671875
6 0.89140625 0.646875 0.15078125 0.08671875
14 0.89921875 0.72890625 0.15078125 0.08671875
0 0.903125 0.809375 0.15078125 0.0859375
20 0.89609375 0.88671875 0.15078125 0.08671875
33 0.73359375 0.1484375 0.15078125 0.08671875
5 0.7375 0.2328125 0.15 0.08671875
28 0.7390625 0.31640625 0.15078125 0.08671875
25 0.740625 0.396875 0.15078125 0.08671875
9 0.74140625 0.48203125 0.15078125 0.08671875
16 0.74453125 0.56484375 0.15 0.08671875
7 0.74609375 0.65078125 0.15078125 0.08671875
3 0.7421875 0.73046875 0.15078125 0.08671875
17 0.75078125 0.8140625 0.15078125 0.08671875
3 0.7484375 0.89296875 0.15078125 0.08671875
18 0.584375 0.14921875 0.15078125 0.08671875
20 0.5890625 0.23203125 0.15078125 0.0859375
17 0.5921875 0.3171875 0.15 0.08671875
22 0.58671875 0.40078125 0.15078125 0.08671875
33 0.59140625 0.48515625 0.15 0.08671875
5 0.5921875 0.56875 0.15078125 0.08671875
29 0.5984375 0.64921875 0.15078125 0.08671875
26 0.59765625 0.73515625 0.15078125 0.08671875
16 0.603125 0.81328125 0.15078125 0.08671875
4 0.60234375 0.89609375 0.15 0.08671875
11 0.43203125 0.15625 0.14921875 0.08359375
26 0.43828125 0.2375 0.15 0.08046875
0 0.4375 0.3234375 0.15078125 0.08671875
0 0.43984375 0.4046875 0.15078125 0.08671875
1 0.44375 0.48515625 0.15078125 0.08671875
20 0.44296875 0.571875 0.15078125 0.08671875
4 0.44609375 0.65234375 0.15078125 0.08671875
1 0.44765625 0.7390625 0.15 0.08671875
0 0.45234375 0.82109375 0.15078125 0.08671875
20 0.4515625 0.903125 0.15078125 0.08671875
6 0.28203125 0.15546875 0.15078125 0.08671875
5 0.28671875 0.23671875 0.15078125 0.08671875
25 0.28984375 0.31796875 0.15078125 0.08671875
21 0.2953125 0.40390625 0.15078125 0.0859375
18 0.29375 0.48984375 0.15078125 0.0859375
27 0.29609375 0.575 0.15 0.08671875
21 0.296875 0.659375 0.15 0.08671875
12 0.29375 0.74296875 0.15078125 0.08671875
24 0.303125 0.8234375 0.15078125 0.08671875
21 0.30078125 0.90546875 0.15 0.08671875
23 0.13125 0.15546875 0.15 0.08671875
13 0.1328125 0.23828125 0.15 0.08671875
9 0.1375 0.32265625 0.15 0.08671875
16 0.1390625 0.40859375 0.15078125 0.08671875
11 0.14375 0.48828125 0.15078125 0.08671875
15 0.1421875 0.57421875 0.15078125 0.08671875
12 0.1421875 0.65390625 0.15078125 0.08671875
7 0.14453125 0.73984375 0.15078125 0.08671875
22 0.14921875 0.825 0.15078125 0.08671875
23 0.15234375 0.90625 0.15 0.08671875