0 0.05234375 0.48203125 0.09296875 0.3375
0 0.12578125 0.48046875 0.09140625 0.34609375
1 0.19453125 0.5 0.08359375 0.3375
1 0.26640625 0.49375 0.08203125 0.34296875
2 0.34140625 0.496875 0.0796875 0.32578125
2 0.41328125 0.5046875 0.0765625 0.334375
4 0.48828125 0.5296875 0.07109375 0.33125
5 0.55859375 0.52109375 0.07421875 0.33125
5 0.63359375 0.5234375 0.07734375 0.33125
6 0.70703125 0.528125 0.08125 0.340625
6 0.7828125 0.521875 0.0875 0.340625
30 0.8578125 0.51484375 0.09140625 0.3375
30 0.934375 0.503125 0.09140625 0.34921875
4 0.82109375 0.23828125 0.10625 0.2453125