22 0.20625 0.84921875 0.18671875 0.11171875
32 0.20859375 0.75 0.18125 0.10859375
20 0.20859375 0.653125 0.184375 0.1015625
8 0.215625 0.55546875 0.18046875 0.09140625
24 0.2140625 0.459375 0.17421875 0.09609375
21 0.21875 0.3640625 0.18203125 0.09765625
26 0.215625 0.26796875 0.18125 0.0984375
29 0.2109375 0.175 0.18046875 0.0953125
4 0.21171875 0.08671875 0.17890625 0.10078125
7 0.38125 0.83828125 0.17890625 0.1171875
9 0.38046875 0.73828125 0.17265625 0.10234375
22 0.38046875 0.64375 0.17421875 0.103125
17 0.384375 0.55078125 0.1671875 0.09296875
27 0.38125 0.4546875 0.16953125 0.0984375
20 0.384375 0.36171875 0.159375 0.09609375
13 0.3796875 0.27421875 0.16640625 0.096875
5 0.37890625 0.1828125 0.1671875 0.09765625
24 0.378125 0.09609375 0.16640625 0.09375
14 0.534375 0.1109375 0.15625 0.096875
3 0.5359375 0.19296875 0.16171875 0.0984375
3 0.5359375 0.28125 0.15859375 0.0953125
18 0.54296875 0.371875 0.15234375 0.096875
5 0.54375 0.4578125 0.15625 0.090625
26 0.5453125 0.5484375 0.15546875 0.09140625
29 0.54609375 0.63828125 0.15859375 0.09375
17 0.5421875 0.73125 0.1609375 0.10078125
8 0.5453125 0.821875 0.1609375 0.10390625
1 0.69765625 0.8140625 0.1515625 0.09921875
28 0.69609375 0.728125 0.15546875 0.09375
18 0.69296875 0.63671875 0.14921875 0.0921875
19 0.690625 0.54765625 0.14375 0.08984375
9 0.68828125 0.46171875 0.1453125 0.08828125
5 0.6859375 0.37421875 0.15 0.0890625
5 0.6859375 0.28828125 0.14609375 0.0921875
28 0.684375 0.20390625 0.14765625 0.09375
1 0.68828125 0.12265625 0.14921875 0.09140625