0 0.89140625 0.528125 0.1640625 0.0921875
23 0.89296875 0.4359375 0.1625 0.090625
22 0.8984375 0.34375 0.16328125 0.08828125
33 0.8984375 0.2546875 0.1703125 0.09375
24 0.89921875 0.16015625 0.1640625 0.0921875
30 0.89765625 0.06796875 0.16953125 0.09140625
21 0.72578125 0.52421875 0.16875 0.08984375
23 0.72734375 0.43515625 0.16328125 0.0921875
20 0.72734375 0.34296875 0.16796875 0.0921875
14 0.7328125 0.25234375 0.1640625 0.09140625
26 0.7328125 0.1609375 0.16640625 0.08984375
10 0.734375 0.06640625 0.1671875 0.0953125
18 0.56328125 0.5234375 0.1625 0.08828125
9 0.565625 0.434375 0.16171875 0.090625
29 0.5640625 0.3421875 0.1625 0.0921875
33 0.56640625 0.24921875 0.159375 0.09375
10 0.56796875 0.159375 0.16171875 0.0890625
26 0.56796875 0.06796875 0.159375 0.0921875
19 0.403125 0.5234375 0.15859375 0.08828125
9 0.4046875 0.43359375 0.15546875 0.08984375
13 0.40625 0.3421875 0.15859375 0.08828125
23 0.40625 0.25078125 0.1578125 0.08828125
11 0.4078125 0.16171875 0.15859375 0.09140625
1 0.409375 0.0703125 0.16171875 0.0890625
31 0.24375 0.52265625 0.15703125 0.0890625
4 0.24375 0.43203125 0.15625 0.0890625
31 0.24609375 0.340625 0.15703125 0.090625
2 0.24609375 0.2515625 0.15859375 0.08828125
16 0.24609375 0.16171875 0.15546875 0.0859375
18 0.2484375 0.07109375 0.1640625 0.08984375
28 0.08828125 0.52265625 0.1546875 0.0859375
19 0.08828125 0.4328125 0.1578125 0.08984375
13 0.08828125 0.3421875 0.15546875 0.08828125
0 0.08828125 0.2546875 0.1609375 0.0890625
0 0.08828125 0.1640625 0.1578125 0.08671875
24 0.0890625 0.07578125 0.15625 0.08828125