4 0.79140625 0.0796875 0.14140625 0.0734375
13 0.79453125 0.15234375 0.140625 0.06796875
3 0.12890625 0.09375 0.1234375 0.06875
14 0.1234375 0.1640625 0.12265625 0.06796875
33 0.12109375 0.2328125 0.12734375 0.0703125
4 0.11640625 0.30546875 0.1296875 0.07109375
31 0.10859375 0.3796875 0.1296875 0.078125
9 0.1078125 0.45234375 0.1359375 0.07578125
10 0.103125 0.52890625 0.1328125 0.07734375
25 0.10078125 0.60625 0.13359375 0.0765625
3 0.09296875 0.6859375 0.13359375 0.08359375
1 0.090625 0.76640625 0.13515625 0.08203125
20 0.08203125 0.8484375 0.1453125 0.084375
31 0.08203125 0.93203125 0.13984375 0.0828125
28 0.25703125 0.0890625 0.12421875 0.06640625
15 0.25625 0.1609375 0.12578125 0.06875
21 0.2515625 0.2296875 0.13125 0.071875
17 0.2484375 0.3015625 0.13203125 0.06953125
33 0.246875 0.375 0.1328125 0.0734375
9 0.2421875 0.45078125 0.13828125 0.075
32 0.23828125 0.5265625 0.13359375 0.075
16 0.2359375 0.60625 0.13515625 0.078125
7 0.234375 0.68671875 0.13828125 0.08515625
14 0.23046875 0.76875 0.14140625 0.0796875
4 0.22734375 0.85 0.13984375 0.0859375
12 0.22265625 0.934375 0.1375 0.084375
19 0.38671875 0.0875 0.12734375 0.0671875
13 0.38515625 0.1578125 0.12734375 0.06953125
0 0.384375 0.22890625 0.13125 0.0703125
2 0.3828125 0.30234375 0.13515625 0.0703125
1 0.38203125 0.3765625 0.13359375 0.071875
3 0.3796875 0.453125 0.134375 0.07578125
7 0.3796875 0.52890625 0.13828125 0.07890625
23 0.37734375 0.60703125 0.1390625 0.078125
30 0.375 0.68671875 0.13828125 0.0828125
30 0.371875 0.7671875 0.1390625 0.08359375
29 0.3703125 0.853125 0.13984375 0.08359375
11 0.36875 0.9390625 0.14140625 0.0875
5 0.51796875 0.08671875 0.1296875 0.06796875
8 0.51875 0.15625 0.13125 0.07109375
12 0.51953125 0.22734375 0.1328125 0.0703125
11 0.51875 0.30234375 0.1328125 0.0734375
24 0.51875 0.3765625 0.140625 0.0734375
25 0.5171875 0.4515625 0.13359375 0.07421875
0 0.51875 0.5296875 0.1359375 0.07890625
19 0.5171875 0.6078125 0.1390625 0.07890625
31 0.51640625 0.6875 0.14296875 0.08359375
20 0.51640625 0.77265625 0.1453125 0.084375
26 0.515625 0.8546875 0.14453125 0.0859375
29 0.515625 0.9421875 0.14375 0.08828125
14 0.64765625 0.08046875 0.13359375 0.07109375
32 0.65234375 0.15390625 0.13203125 0.07109375
2 0.653125 0.225 0.1390625 0.0703125
26 0.6546875 0.29765625 0.134375 0.075
2 0.65546875 0.37421875 0.1359375 0.0734375
8 0.65703125 0.45078125 0.14296875 0.078125
25 0.659375 0.5296875 0.14375 0.0765625
3 0.66015625 0.609375 0.14375 0.08359375
24 0.6609375 0.6890625 0.14140625 0.084375
15 0.6625 0.7734375 0.14765625 0.0859375
8 0.6640625 0.85859375 0.15 0.08671875
8 0.66640625 0.9453125 0.14765625 0.0875
13 0.79296875 0.221875 0.140625 0.07421875
11 0.79453125 0.29609375 0.140625 0.0734375
2 0.79765625 0.371875 0.14375 0.07421875
20 0.80078125 0.45078125 0.14453125 0.07734375
20 0.80234375 0.52890625 0.14609375 0.07734375
10 0.8046875 0.609375 0.14609375 0.0796875
5 0.80859375 0.6921875 0.14921875 0.08203125
21 0.81171875 0.77421875 0.15 0.084375
14 0.81484375 0.8609375 0.1546875 0.0875
19 0.81875 0.946875 0.14921875 0.0875