0 0.2359375 0.9125 0.1953125 0.11328125
13 0.2359375 0.81171875 0.19609375 0.1125
2 0.2359375 0.7046875 0.190625 0.10234375
29 0.24453125 0.603125 0.1859375 0.10078125
21 0.2421875 0.5015625 0.18515625 0.10078125
23 0.24296875 0.40078125 0.1875 0.1078125
24 0.24453125 0.3 0.19296875 0.10703125
27 0.24921875 0.19921875 0.1859375 0.10859375
17 0.25078125 0.10390625 0.18671875 0.10625
20 0.7609375 0.88671875 0.17421875 0.10390625
2 0.41640625 0.90546875 0.18515625 0.10859375
0 0.5890625 0.8984375 0.17890625 0.1046875
21 0.41796875 0.803125 0.18046875 0.1078125
21 0.42265625 0.69921875 0.18125 0.10703125
10 0.425 0.6 0.1796875 0.10234375
20 0.42421875 0.5015625 0.17890625 0.09921875
31 0.4203125 0.4015625 0.184375 0.1
6 0.42265625 0.30625 0.17421875 0.1046875
19 0.42734375 0.20859375 0.17421875 0.10703125
23 0.42578125 0.1140625 0.178125 0.1015625
16 0.5921875 0.79765625 0.16484375 0.10859375
18 0.59375 0.69921875 0.1671875 0.109375
32 0.59765625 0.60078125 0.17265625 0.10234375
3 0.59375 0.5 0.1765625 0.096875
26 0.59375 0.40546875 0.17109375 0.10390625
18 0.59140625 0.30546875 0.17421875 0.103125
16 0.5921875 0.21484375 0.16796875 0.1015625
19 0.59609375 0.12109375 0.1703125 0.1046875