9 0.0734375 0.5359375 0.08203125 0.1734375
9 0.1328125 0.5375 0.07265625 0.1734375
9 0.20078125 0.51796875 0.06484375 0.146875
13 0.26953125 0.51640625 0.06640625 0.15
13 0.3296875 0.51875 0.0609375 0.16171875
13 0.3953125 0.51953125 0.0671875 0.16015625
8 0.45546875 0.5140625 0.0609375 0.15546875
8 0.5234375 0.52421875 0.0703125 0.16328125
8 0.58046875 0.5125 0.06640625 0.15859375
22 0.64609375 0.52421875 0.08828125 0.1734375
22 0.71015625 0.5234375 0.07265625 0.178125
19 0.78046875 0.50546875 0.0734375 0.15859375
19 0.83828125 0.5109375 0.084375 0.16171875
22 0.9140625 0.48828125 0.1109375 0.140625