17 0.1109375 0.34140625 0.115625 0.1171875
27 0.22578125 0.34609375 0.11640625 0.1171875
23 0.11953125 0.453125 0.11640625 0.11015625
19 0.11875 0.56171875 0.12109375 0.10859375
16 0.23125 0.55859375 0.1140625 0.10546875
19 0.23046875 0.45234375 0.11015625 0.10546875
24 0.33984375 0.35 0.109375 0.1125
6 0.33984375 0.45546875 0.1109375 0.10703125
18 0.33828125 0.55546875 0.10546875 0.10390625
26 0.43984375 0.55703125 0.1 0.10234375
31 0.44140625 0.45859375 0.103125 0.1015625
23 0.44140625 0.35625 0.10625 0.10703125
21 0.54140625 0.36171875 0.1 0.10234375
20 0.54140625 0.46171875 0.1 0.1015625
3 0.5390625 0.5578125 0.09921875 0.09765625
29 0.63515625 0.3625 0.09453125 0.09765625
10 0.6375 0.46171875 0.09375 0.10078125
32 0.63515625 0.55703125 0.09140625 0.09609375
18 0.725 0.55390625 0.08828125 0.09453125
21 0.7265625 0.4609375 0.0921875 0.09609375
2 0.73046875 0.3640625 0.09140625 0.0984375
13 0.8203125 0.36640625 0.0890625 0.0984375
21 0.815625 0.46171875 0.09296875 0.09140625
16 0.81015625 0.553125 0.08828125 0.09453125
20 0.8875 0.6421875 0.0859375 0.09375
0 0.8921875 0.553125 0.08359375 0.09453125
2 0.9 0.459375 0.07734375 0.09375
0 0.903125 0.3671875 0.0828125 0.09375