21 0.1046875 0.51328125 0.08515625 0.2453125
22 0.1734375 0.50703125 0.0796875 0.240625
24 0.23359375 0.51484375 0.078125 0.24765625
24 0.296875 0.51328125 0.0671875 0.240625
13 0.35859375 0.51953125 0.06484375 0.23828125
14 0.41953125 0.521875 0.05859375 0.23828125
15 0.4796875 0.525 0.059375 0.22734375
0 0.53984375 0.53671875 0.0609375 0.23203125
1 0.59921875 0.5375 0.06171875 0.24765625
2 0.659375 0.54921875 0.0625 0.234375
6 0.715625 0.56796875 0.06640625 0.22265625
7 0.771875 0.56953125 0.0734375 0.2203125
8 0.8265625 0.5578125 0.071875 0.21171875