31 0.78125 0.1234375 0.16640625 0.09765625
27 0.78125 0.2171875 0.16640625 0.0984375
0 0.78046875 0.30546875 0.16484375 0.09765625
23 0.77734375 0.39609375 0.16484375 0.09765625
33 0.7796875 0.4875 0.16484375 0.0984375
22 0.7796875 0.57578125 0.16640625 0.09765625
22 0.7703125 0.665625 0.16484375 0.09765625
15 0.76953125 0.75234375 0.16640625 0.09765625
27 0.778125 0.84453125 0.16640625 0.09765625
16 0.6203125 0.1359375 0.16640625 0.09765625
32 0.61796875 0.228125 0.16640625 0.09765625
8 0.6203125 0.8359375 0.1515625 0.09453125
4 0.46953125 0.8265625 0.1453125 0.0921875
14 0.3296875 0.82109375 0.1328125 0.08671875
9 0.32265625 0.73828125 0.14140625 0.08671875
12 0.609375 0.75 0.15703125 0.08828125
28 0.465625 0.74453125 0.140625 0.08515625
18 0.61171875 0.66484375 0.159375 0.08828125
9 0.61796875 0.578125 0.15859375 0.09140625
8 0.6171875 0.4921875 0.15859375 0.08828125
31 0.61796875 0.40625 0.15859375 0.09296875
1 0.61796875 0.31875 0.16640625 0.09375
24 0.4671875 0.66171875 0.15078125 0.08828125
23 0.46875 0.57578125 0.14765625 0.090625
6 0.465625 0.49453125 0.14609375 0.08828125
29 0.4625 0.40703125 0.15625 0.090625
7 0.46171875 0.3234375 0.15234375 0.0875
26 0.4625 0.2359375 0.1578125 0.09375
13 0.46171875 0.1515625 0.15078125 0.1
30 0.325 0.6578125 0.13828125 0.084375
15 0.328125 0.5765625 0.13984375 0.08671875
25 0.325 0.49453125 0.14375 0.0890625
6 0.321875 0.4109375 0.13984375 0.08671875
4 0.31875 0.32578125 0.13828125 0.090625
10 0.31796875 0.240625 0.13359375 0.09375
31 0.3203125 0.159375 0.13359375 0.0890625