33 0.1546875 0.94375 0.13125 0.06875
28 0.1546875 0.875 0.13203125 0.071875
18 0.1515625 0.80390625 0.12734375 0.06875
17 0.1484375 0.73203125 0.1328125 0.07265625
5 0.1453125 0.659375 0.128125 0.071875
3 0.14296875 0.58828125 0.1296875 0.07109375
14 0.1375 0.51796875 0.1265625 0.071875
33 0.13203125 0.44453125 0.1328125 0.0734375
4 0.1328125 0.37265625 0.1265625 0.07734375
31 0.12578125 0.2984375 0.12421875 0.075
9 0.12890625 0.225 0.121875 0.071875
10 0.12265625 0.14921875 0.1328125 0.07734375
25 0.1171875 0.07109375 0.1359375 0.0765625
16 0.28671875 0.9453125 0.1265625 0.0734375
5 0.2859375 0.87421875 0.1265625 0.0703125
23 0.28046875 0.803125 0.13203125 0.071875
12 0.27890625 0.73125 0.1265625 0.07109375
9 0.27578125 0.65859375 0.1328125 0.07265625
28 0.27265625 0.5875 0.13125 0.0734375
15 0.26875 0.5140625 0.13515625 0.0703125
21 0.26796875 0.4421875 0.13125 0.075
17 0.265625 0.36953125 0.128125 0.07734375
33 0.259375 0.29375 0.1328125 0.078125
9 0.2609375 0.21875 0.13203125 0.07421875
32 0.25625 0.14375 0.1296875 0.07421875
16 0.25234375 0.06875 0.13359375 0.078125
28 0.41484375 0.94140625 0.12890625 0.0703125
26 0.41328125 0.87265625 0.128125 0.0734375
27 0.41171875 0.80078125 0.128125 0.06953125
23 0.40859375 0.7296875 0.13125 0.071875
30 0.40546875 0.659375 0.128125 0.0703125
19 0.4046875 0.5859375 0.1296875 0.07421875
13 0.4015625 0.51171875 0.1265625 0.06953125
0 0.4 0.4390625 0.12890625 0.0734375
2 0.39609375 0.3671875 0.13359375 0.0796875
1 0.39296875 0.29375 0.13203125 0.07578125
3 0.3921875 0.2171875 0.12890625 0.078125
7 0.3890625 0.14140625 0.1328125 0.0734375
23 0.3859375 0.06796875 0.1359375 0.07734375
4 0.5421875 0.94140625 0.13125 0.07421875
25 0.54296875 0.86953125 0.12890625 0.0703125
21 0.5390625 0.80078125 0.12421875 0.0734375
10 0.540625 0.72734375 0.128125 0.071875
9 0.5359375 0.65390625 0.12734375 0.07265625
5 0.53203125 0.58359375 0.12734375 0.071875
8 0.53125 0.509375 0.12734375 0.07421875
12 0.52734375 0.4375 0.12890625 0.0734375
11 0.52890625 0.3640625 0.12421875 0.075
24 0.52734375 0.28828125 0.1328125 0.075
25 0.52421875 0.2140625 0.1328125 0.07734375
0 0.521875 0.140625 0.134375 0.0765625
19 0.52109375 0.06328125 0.1375 0.0796875
17 0.671875 0.9390625 0.1328125 0.06796875
6 0.66953125 0.87109375 0.12734375 0.0703125
18 0.6703125 0.7984375 0.1234375 0.0703125
10 0.6671875 0.72734375 0.13359375 0.07109375
16 0.66640625 0.65390625 0.13203125 0.0734375
14 0.6640625 0.5828125 0.13125 0.06953125
32 0.66328125 0.51015625 0.13359375 0.07578125
2 0.66015625 0.4359375 0.1328125 0.071875
26 0.659375 0.36328125 0.13359375 0.078125
2 0.6578125 0.2859375 0.128125 0.07421875
8 0.6578125 0.21328125 0.13359375 0.075
25 0.65625 0.13671875 0.1328125 0.078125
3 0.65234375 0.06015625 0.13203125 0.07890625
27 0.80078125 0.93828125 0.12734375 0.06875
31 0.7984375 0.8703125 0.13203125 0.0734375
32 0.7984375 0.7953125 0.1296875 0.07109375
29 0.8 0.72578125 0.1265625 0.07265625
22 0.7984375 0.65234375 0.1359375 0.07421875
4 0.79765625 0.58046875 0.13515625 0.0734375
13 0.79765625 0.50703125 0.13125 0.071875
13 0.79296875 0.43125 0.13203125 0.075
11 0.79453125 0.35859375 0.1375 0.0765625
2 0.79140625 0.284375 0.1328125 0.07109375
20 0.78984375 0.20859375 0.13828125 0.07578125
20 0.78828125 0.13515625 0.13125 0.0734375
10 0.78671875 0.05859375 0.1390625 0.075