18 0.86796875 0.47734375 0.07734375 0.390625
18 0.8 0.4921875 0.08125 0.42890625
18 0.7265625 0.62421875 0.0671875 0.37578125
19 0.66015625 0.44375 0.06015625 0.45078125
19 0.59609375 0.565625 0.071875 0.39453125
19 0.5296875 0.58828125 0.065625 0.371875
2 0.47109375 0.6390625 0.065625 0.390625
2 0.39140625 0.5 0.08984375 0.38359375
2 0.35 0.665625 0.08359375 0.36875
30 0.2828125 0.67265625 0.090625 0.390625
30 0.23515625 0.75 0.096875 0.3796875
24 0.1921875 0.834375 0.07734375 0.315625
24 0.13984375 0.86484375 0.08828125 0.26328125
30 0.06328125 0.896875 0.07734375 0.19921875