5 0.05234375 0.234375 0.08203125 0.1609375
6 0.11875 0.23828125 0.078125 0.159375
6 0.18515625 0.2375 0.07421875 0.1578125
8 0.2515625 0.23984375 0.07578125 0.1609375
8 0.3171875 0.2421875 0.06953125 0.15703125
21 0.38125 0.24453125 0.06953125 0.1578125
22 0.4484375 0.253125 0.06640625 0.1578125
22 0.5125 0.25625 0.06640625 0.15703125
23 0.5765625 0.26015625 0.06953125 0.15546875
23 0.63984375 0.26328125 0.06953125 0.159375
23 0.703125 0.2671875 0.07578125 0.15546875
25 0.76640625 0.265625 0.078125 0.1609375
25 0.83125 0.2640625 0.07890625 0.15546875
21 0.9453125 0.26640625 0.08046875 0.159375
4 0.85390625 0.66171875 0.07890625 0.12265625
3 0.60078125 0.77421875 0.06015625 0.11015625
2 0.54765625 0.771875 0.05859375 0.1171875
2 0.49296875 0.771875 0.05703125 0.1140625
3 0.446875 0.65078125 0.0546875 0.115625
1 0.3890625 0.64609375 0.05703125 0.1171875
3 0.334375 0.646875 0.06171875 0.12109375
1 0.32890625 0.76484375 0.0578125 0.1171875
19 0.384375 0.765625 0.05390625 0.11015625
26 0.440625 0.76328125 0.05546875 0.11171875