27 0.15234375 0.94140625 0.15546875 0.0875
27 0.15 0.85859375 0.1546875 0.0875
27 0.146875 0.775 0.1546875 0.08671875
27 0.14296875 0.69296875 0.1546875 0.0875
9 0.14296875 0.609375 0.153125 0.084375
9 0.1390625 0.52578125 0.15234375 0.084375
9 0.1375 0.4421875 0.15234375 0.08515625
9 0.13359375 0.3609375 0.153125 0.084375
0 0.1375 0.27265625 0.153125 0.084375
0 0.13203125 0.1875 0.15234375 0.08515625
0 0.13203125 0.10234375 0.153125 0.084375
1 0.2828125 0.109375 0.15234375 0.08515625
1 0.2859375 0.1921875 0.153125 0.084375
1 0.28984375 0.2765625 0.153125 0.08515625
10 0.2890625 0.35703125 0.15234375 0.08515625
10 0.2890625 0.4421875 0.15234375 0.084375
10 0.2921875 0.5234375 0.153125 0.084375
10 0.29296875 0.60703125 0.153125 0.084375
31 0.29609375 0.690625 0.15234375 0.08515625
31 0.29765625 0.771875 0.15234375 0.08515625
31 0.296875 0.8546875 0.153125 0.08515625
31 0.29921875 0.9375 0.15234375 0.084375
32 0.44609375 0.68515625 0.1453125 0.08203125
32 0.44375 0.765625 0.1453125 0.0828125
32 0.44921875 0.84765625 0.1453125 0.08203125
32 0.44921875 0.928125 0.1453125 0.08203125
11 0.44296875 0.6015625 0.1453125 0.08203125
11 0.440625 0.52109375 0.1453125 0.0828125
11 0.440625 0.43984375 0.1453125 0.0828125
11 0.43984375 0.35625 0.1453125 0.08203125
2 0.4375 0.275 0.14609375 0.08359375
2 0.4359375 0.19296875 0.14609375 0.08359375
2 0.434375 0.109375 0.14609375 0.08359375
29 0.5890625 0.68125 0.1453125 0.08359375
29 0.5890625 0.76328125 0.14609375 0.08359375
29 0.59375 0.84453125 0.14609375 0.08359375
29 0.59296875 0.921875 0.14609375 0.08359375
12 0.58828125 0.59921875 0.14609375 0.08359375
12 0.58671875 0.5203125 0.14609375 0.08359375
12 0.58203125 0.43828125 0.14609375 0.08359375
12 0.58515625 0.359375 0.14609375 0.08359375
3 0.58359375 0.2765625 0.14296875 0.08203125
3 0.58203125 0.196875 0.14140625 0.08125
3 0.578125 0.1125 0.14140625 0.08125
33 0.7375 0.91640625 0.14140625 0.08203125
33 0.73515625 0.8375 0.14140625 0.08203125
33 0.73203125 0.75859375 0.14140625 0.08203125
33 0.73515625 0.6765625 0.14140625 0.08203125
13 0.73515625 0.59765625 0.14140625 0.08203125
13 0.7296875 0.51484375 0.14140625 0.08203125
13 0.72578125 0.4375 0.14140625 0.08203125
13 0.725 0.3578125 0.14140625 0.08203125
4 0.72421875 0.2765625 0.14140625 0.08203125
4 0.7234375 0.196875 0.14140625 0.08203125
4 0.7171875 0.115625 0.14140625 0.08203125
28 0.8734375 0.91015625 0.1390625 0.08046875
28 0.87890625 0.83203125 0.13828125 0.08046875
28 0.87421875 0.75234375 0.13828125 0.08046875
28 0.8703125 0.6734375 0.13828125 0.08125
14 0.87421875 0.59609375 0.1359375 0.0796875
14 0.86875 0.5171875 0.1359375 0.0796875
14 0.8640625 0.43515625 0.1359375 0.08046875
14 0.8640625 0.35390625 0.1375 0.08046875
5 0.8625 0.278125 0.1375 0.07890625
5 0.8609375 0.19921875 0.1359375 0.07890625
5 0.859375 0.11796875 0.1375 0.07890625