3 0.18671875 0.90390625 0.121875 0.075
24 0.19140625 0.834375 0.13125 0.0609375
16 0.190625 0.76796875 0.12890625 0.06171875
9 0.19453125 0.703125 0.12578125 0.0625
1 0.19609375 0.6375 0.1296875 0.0578125
3 0.19140625 0.56875 0.14765625 0.0640625
18 0.1953125 0.496875 0.13203125 0.06484375
19 0.2046875 0.43125 0.14921875 0.06015625
1 0.196875 0.36953125 0.1390625 0.06875
5 0.203125 0.303125 0.1296875 0.05
7 0.2 0.24140625 0.14453125 0.06328125
26 0.20859375 0.1765625 0.12265625 0.0578125
8 0.21171875 0.1078125 0.128125 0.0578125
19 0.2109375 0.0375 0.1265625 0.0609375
15 0.371875 0.03359375 0.13515625 0.0640625
33 0.36875 0.10390625 0.134375 0.059375
14 0.38515625 0.1640625 0.13828125 0.05703125
15 0.3875 0.228125 0.12109375 0.0671875
2 0.3890625 0.29453125 0.109375 0.059375
5 0.3875 0.359375 0.1125 0.0625
4 0.38203125 0.42734375 0.1203125 0.06328125
12 0.38125 0.4875 0.12265625 0.06328125
17 0.38203125 0.5546875 0.128125 0.065625
4 0.3828125 0.61953125 0.128125 0.06171875
23 0.3828125 0.6859375 0.1296875 0.071875
10 0.38203125 0.75546875 0.13515625 0.0671875
24 0.375 0.81796875 0.11484375 0.06328125
11 0.39609375 0.8890625 0.11796875 0.078125
2 0.61015625 0.921875 0.1171875 0.0578125
7 0.62109375 0.8515625 0.15234375 0.0703125
13 0.60390625 0.7828125 0.1375 0.0609375
5 0.60078125 0.71875 0.11875 0.05
27 0.60234375 0.6484375 0.11875 0.065625
23 0.58515625 0.58125 0.1390625 0.0640625
8 0.6109375 0.52265625 0.12578125 0.06015625
17 0.61953125 0.45625 0.11640625 0.05
18 0.6265625 0.3890625 0.1171875 0.06328125
21 0.63125 0.32734375 0.12734375 0.059375
14 0.64453125 0.26328125 0.11796875 0.05546875
11 0.640625 0.20234375 0.12265625 0.06171875
14 0.609375 0.13828125 0.1171875 0.0609375
9 0.60703125 0.08125 0.1203125 0.06328125
6 0.83046875 0.859375 0.12734375 0.0734375
24 0.81875 0.79296875 0.12421875 0.06328125
32 0.8125 0.72734375 0.121875 0.0578125
27 0.809375 0.66171875 0.12109375 0.059375
7 0.80234375 0.596875 0.128125 0.06015625
33 0.80078125 0.53984375 0.11875 0.0546875
16 0.8296875 0.471875 0.12734375 0.0578125
2 0.821875 0.40625 0.1234375 0.06328125
31 0.8265625 0.34453125 0.12265625 0.05859375
22 0.8203125 0.2859375 0.1203125 0.05859375
20 0.81328125 0.221875 0.1265625 0.06328125
22 0.83359375 0.16015625 0.1140625 0.0546875
17 0.825 0.09765625 0.11875 0.0578125
33 0.825 0.0375 0.13359375 0.06171875