10 0.14375 0.575 0.09140625 0.33828125
11 0.2234375 0.55703125 0.08828125 0.37421875
12 0.2921875 0.559375 0.08046875 0.33046875
13 0.37578125 0.55703125 0.07265625 0.3265625
14 0.453125 0.553125 0.0734375 0.35078125
19 0.521875 0.5234375 0.06484375 0.32265625
20 0.59140625 0.484375 0.0734375 0.33046875
21 0.66640625 0.47421875 0.08671875 0.35078125
1 0.740625 0.5296875 0.075 0.31875
2 0.809375 0.53515625 0.0734375 0.33046875
3 0.8765625 0.54921875 0.075 0.3265625
6 0.95234375 0.48828125 0.08203125 0.32265625