21 0.646875 0.93359375 0.30390625 0.090625
21 0.646875 0.85625 0.33203125 0.0796875
21 0.6296875 0.77734375 0.2921875 0.0859375
26 0.66015625 0.70859375 0.3109375 0.07890625
26 0.628125 0.63203125 0.30390625 0.07109375
26 0.71484375 0.56171875 0.32734375 0.07734375
3 0.68359375 0.48359375 0.3671875 0.0671875
3 0.6625 0.4109375 0.3671875 0.071875
6 0.63671875 0.34765625 0.3203125 0.078125
6 0.37734375 0.34140625 0.25 0.09765625
6 0.64921875 0.275 0.32734375 0.0796875
7 0.57578125 0.2109375 0.2828125 0.07578125
7 0.5546875 0.13828125 0.30625 0.075
7 0.53359375 0.07109375 0.30625 0.0828125