30 0.06640625 0.48046875 0.10546875 0.26484375
30 0.153125 0.4828125 0.10546875 0.2734375
30 0.23984375 0.4765625 0.09765625 0.2546875
20 0.33046875 0.47890625 0.0921875 0.259375
20 0.41484375 0.4734375 0.08671875 0.25078125
33 0.50234375 0.47109375 0.08671875 0.25078125
33 0.5890625 0.46875 0.09140625 0.26328125
33 0.4890625 0.2640625 0.10625 0.1953125
24 0.6734375 0.46484375 0.096875 0.24765625
24 0.76171875 0.46015625 0.1 0.26328125
24 0.8484375 0.46015625 0.109375 0.25625
28 0.934375 0.45234375 0.11640625 0.24375