18 0.10546875 0.6015625 0.08828125 0.35390625
18 0.1734375 0.56796875 0.078125 0.32890625
19 0.2375 0.5375 0.0796875 0.33203125
20 0.30234375 0.5015625 0.07421875 0.33203125
21 0.36796875 0.46953125 0.065625 0.33203125
22 0.43359375 0.44140625 0.06484375 0.3390625
22 0.50078125 0.4015625 0.0671875 0.3390625
23 0.565625 0.37109375 0.07265625 0.34296875
24 0.63125 0.3375 0.078125 0.33203125
25 0.696875 0.3015625 0.084375 0.3390625
26 0.7609375 0.2640625 0.08671875 0.30703125
26 0.82734375 0.2265625 0.0921875 0.3109375
26 0.89453125 0.2015625 0.09765625 0.3109375