0 0.89140625 0.425 0.08046875 0.2328125
0 0.83046875 0.43046875 0.0734375 0.23671875
1 0.771875 0.44375 0.0765625 0.25546875
2 0.71171875 0.453125 0.06875 0.2515625
2 0.653125 0.46640625 0.06015625 0.2328125
3 0.59453125 0.4734375 0.05859375 0.26328125
4 0.5375 0.48125 0.059375 0.25546875
5 0.478125 0.46640625 0.06484375 0.2484375
7 0.41953125 0.48671875 0.06640625 0.2515625
7 0.3578125 0.4828125 0.06640625 0.2296875
7 0.2984375 0.4921875 0.075 0.240625
31 0.23828125 0.49453125 0.078125 0.24453125
31 0.17734375 0.5 0.08125 0.2484375
1 0.0828125 0.54140625 0.0953125 0.1953125