4 0.17578125 0.94609375 0.128125 0.06953125
1 0.1734375 0.87734375 0.128125 0.06953125
0 0.17265625 0.803125 0.128125 0.06953125
20 0.1671875 0.734375 0.128125 0.06953125
23 0.1640625 0.66171875 0.128125 0.06953125
18 0.159375 0.5890625 0.128125 0.06953125
8 0.16171875 0.51328125 0.128125 0.0703125
25 0.15625 0.4359375 0.128125 0.06953125
30 0.1515625 0.359375 0.128125 0.06953125
28 0.14921875 0.28515625 0.128125 0.06953125
17 0.15078125 0.20078125 0.128125 0.06953125
21 0.30703125 0.94921875 0.128125 0.06953125
12 0.43828125 0.95078125 0.128125 0.06953125
24 0.56953125 0.953125 0.128125 0.06953125
8 0.7078125 0.953125 0.128125 0.06953125
12 0.303125 0.87734375 0.128125 0.06953125
24 0.3015625 0.80703125 0.128125 0.06953125
21 0.3 0.73515625 0.128125 0.0703125
7 0.43671875 0.88046875 0.128125 0.06953125
22 0.43515625 0.8109375 0.128125 0.06953125
22 0.57109375 0.88125 0.128125 0.06953125
17 0.70703125 0.88125 0.128125 0.06953125
15 0.70546875 0.809375 0.128125 0.06953125
25 0.56875 0.80859375 0.128125 0.06953125
19 0.56953125 0.73671875 0.128125 0.06953125
32 0.7046875 0.73515625 0.128125 0.06953125
23 0.4359375 0.73515625 0.128125 0.06953125
26 0.3 0.66015625 0.13359375 0.08046875
26 0.29609375 0.5859375 0.134375 0.0796875
2 0.29765625 0.51015625 0.13359375 0.08046875
15 0.28828125 0.43359375 0.134375 0.0796875
29 0.2875 0.35390625 0.134375 0.08046875
32 0.2859375 0.278125 0.134375 0.0796875
18 0.28671875 0.19765625 0.134375 0.08046875
13 0.43203125 0.66171875 0.134375 0.08046875
10 0.4328125 0.58828125 0.134375 0.08046875
19 0.43515625 0.51015625 0.134375 0.08046875
28 0.4265625 0.43203125 0.134375 0.08046875
12 0.425 0.35625 0.13359375 0.0796875
33 0.42265625 0.27734375 0.134375 0.08046875
4 0.42890625 0.1984375 0.13359375 0.08046875
11 0.56796875 0.66484375 0.134375 0.08046875
30 0.57109375 0.5859375 0.134375 0.08046875
8 0.5734375 0.51328125 0.134375 0.08046875
5 0.56484375 0.43671875 0.134375 0.0796875
30 0.56484375 0.35625 0.13359375 0.08046875
3 0.565625 0.2765625 0.13359375 0.0796875
24 0.5703125 0.19453125 0.134375 0.0796875
9 0.70859375 0.66484375 0.134375 0.08046875
1 0.71171875 0.58359375 0.134375 0.08046875
14 0.709375 0.50703125 0.13359375 0.0796875
19 0.70390625 0.43125 0.134375 0.08046875
10 0.70390625 0.3546875 0.13359375 0.08046875
19 0.70703125 0.27109375 0.134375 0.08046875
33 0.7125 0.18828125 0.134375 0.08046875