1 0.14296875 0.946875 0.1109375 0.06171875
30 0.14375 0.88515625 0.109375 0.0609375
29 0.14140625 0.8296875 0.1046875 0.06328125
22 0.1390625 0.76953125 0.1046875 0.05703125
6 0.1390625 0.71015625 0.109375 0.0609375
0 0.1375 0.65234375 0.10859375 0.0578125
0 0.13203125 0.59296875 0.109375 0.06015625
10 0.1328125 0.53359375 0.10703125 0.05625
27 0.13203125 0.4734375 0.1125 0.06015625
20 0.12734375 0.41484375 0.10859375 0.06015625
33 0.12421875 0.35390625 0.1109375 0.06015625
32 0.1265625 0.2953125 0.10625 0.059375
20 0.1203125 0.23515625 0.10859375 0.06015625
15 0.11953125 0.175 0.10234375 0.0578125
31 0.1203125 0.115625 0.10859375 0.06171875
18 0.11875 0.05625 0.1109375 0.053125
2 0.25234375 0.94453125 0.10625 0.06171875
1 0.24921875 0.88515625 0.10703125 0.0625
20 0.24765625 0.82578125 0.10703125 0.06328125
23 0.2453125 0.76796875 0.10546875 0.0640625
25 0.24375 0.70859375 0.10859375 0.05859375
15 0.2421875 0.65 0.1046875 0.06015625
6 0.2390625 0.590625 0.10390625 0.06015625
30 0.2390625 0.53359375 0.10859375 0.0625
15 0.2359375 0.4734375 0.109375 0.06328125
19 0.23671875 0.41015625 0.109375 0.06171875
9 0.23203125 0.35390625 0.10859375 0.05859375
11 0.23125 0.29453125 0.109375 0.06015625
18 0.22734375 0.2328125 0.1046875 0.06015625
12 0.228125 0.1765625 0.10703125 0.05703125
13 0.22578125 0.11484375 0.10234375 0.06328125
27 0.225 0.05546875 0.1046875 0.06015625
17 0.3578125 0.94140625 0.109375 0.06484375
4 0.35546875 0.88203125 0.1046875 0.06015625
21 0.35546875 0.8234375 0.1046875 0.05625
19 0.35390625 0.7640625 0.1109375 0.06328125
27 0.35078125 0.70390625 0.1140625 0.06015625
1 0.35390625 0.64609375 0.10703125 0.05625
23 0.3484375 0.5859375 0.109375 0.05703125
29 0.3421875 0.5296875 0.11171875 0.0640625
3 0.34140625 0.47265625 0.10234375 0.06171875
18 0.3421875 0.4140625 0.10625 0.06171875
8 0.3421875 0.35 0.10625 0.06171875
13 0.3359375 0.29296875 0.109375 0.06015625
30 0.33671875 0.2328125 0.1046875 0.0640625
19 0.33515625 0.1734375 0.10703125 0.059375
7 0.33203125 0.115625 0.10390625 0.0609375
8 0.33046875 0.05703125 0.109375 0.05703125
19 0.4609375 0.9390625 0.103125 0.0625
32 0.46328125 0.88046875 0.10234375 0.059375
14 0.46328125 0.821875 0.10703125 0.06328125
6 0.4578125 0.76328125 0.109375 0.0625
7 0.46015625 0.703125 0.1046875 0.0609375
26 0.45625 0.64609375 0.10703125 0.06328125
3 0.4546875 0.58671875 0.1046875 0.0578125
17 0.44921875 0.53046875 0.1109375 0.0578125
28 0.446875 0.47109375 0.10625 0.05625
33 0.446875 0.4125 0.09765625 0.0578125
7 0.4453125 0.35234375 0.1125 0.06171875
25 0.4453125 0.290625 0.1125 0.06328125
31 0.44140625 0.23515625 0.10703125 0.0609375
15 0.4421875 0.17421875 0.10625 0.0625
24 0.440625 0.11484375 0.1046875 0.059375
23 0.4375 0.0578125 0.10703125 0.0578125
31 0.56953125 0.9359375 0.1046875 0.06171875
20 0.5703125 0.8765625 0.10703125 0.0640625
28 0.56796875 0.81953125 0.10625 0.06171875
14 0.565625 0.76171875 0.10546875 0.059375
9 0.56640625 0.70078125 0.10390625 0.06484375
24 0.5625 0.64453125 0.1046875 0.06171875
10 0.56015625 0.58359375 0.103125 0.0609375
2 0.55703125 0.5265625 0.1 0.0546875
11 0.55546875 0.46875 0.10234375 0.0578125
14 0.553125 0.4109375 0.103125 0.0625
28 0.55234375 0.35078125 0.10859375 0.0578125
9 0.5484375 0.29375 0.10625 0.0625
12 0.55 0.23203125 0.10859375 0.06171875
3 0.54921875 0.17109375 0.10234375 0.06015625
1 0.5453125 0.1171875 0.10859375 0.0578125
10 0.54375 0.05625 0.1109375 0.06015625
13 0.67109375 0.93359375 0.1046875 0.06015625
12 0.67578125 0.8765625 0.10390625 0.0578125
16 0.675 0.81796875 0.11171875 0.06328125
18 0.671875 0.759375 0.10234375 0.0578125
9 0.6671875 0.7015625 0.10234375 0.0578125
12 0.6640625 0.6421875 0.1046875 0.059375
25 0.66484375 0.58359375 0.10234375 0.0578125
17 0.6609375 0.525 0.10625 0.0578125
3 0.6578125 0.46640625 0.10625 0.06171875
8 0.6578125 0.41015625 0.10703125 0.05859375
0 0.65625 0.34921875 0.1 0.05625
22 0.65703125 0.290625 0.1046875 0.0609375
5 0.6515625 0.23125 0.1046875 0.059375
21 0.65390625 0.171875 0.10390625 0.06015625
5 0.6515625 0.11484375 0.1046875 0.06015625
10 0.65078125 0.05546875 0.10625 0.05859375
26 0.75703125 0.0515625 0.11171875 0.06171875
11 0.7546875 0.1140625 0.10703125 0.06171875
7 0.7578125 0.171875 0.10234375 0.0578125
28 0.75703125 0.2296875 0.103125 0.05625
17 0.76171875 0.28984375 0.10625 0.059375
26 0.7625 0.346875 0.10546875 0.05859375
23 0.76328125 0.40625 0.11015625 0.0578125
32 0.765625 0.465625 0.10546875 0.05625
16 0.7625 0.52421875 0.10625 0.05625
16 0.76640625 0.58359375 0.10234375 0.0515625
26 0.771875 0.64140625 0.10234375 0.05859375
8 0.77265625 0.7015625 0.10390625 0.0578125
0 0.775 0.7578125 0.10859375 0.0546875
24 0.77734375 0.815625 0.1 0.0546875
21 0.77890625 0.87421875 0.103125 0.05625
14 0.7765625 0.93046875 0.09765625 0.0546875
27 0.88125 0.93125 0.10703125 0.05625
31 0.88125 0.86953125 0.10234375 0.059375
32 0.88125 0.8125 0.103125 0.0546875
29 0.87734375 0.75859375 0.1 0.05703125
4 0.878125 0.69765625 0.10625 0.0578125
22 0.8734375 0.6421875 0.103125 0.05546875
11 0.87265625 0.58125 0.1 0.0578125
22 0.86875 0.5234375 0.103125 0.06171875
29 0.8703125 0.46640625 0.10859375 0.0578125
33 0.86875 0.40546875 0.103125 0.0578125
2 0.86484375 0.34921875 0.0984375 0.05703125
21 0.86484375 0.290625 0.10546875 0.06171875
25 0.8640625 0.2328125 0.09765625 0.05703125
13 0.86171875 0.1703125 0.10625 0.06171875
33 0.8609375 0.11484375 0.10625 0.053125
2 0.85859375 0.05625 0.10234375 0.053125