27 0.653125 0.43125 0.1765625 0.103125
5 0.8359375 0.42578125 0.178125 0.1046875
20 0.8390625 0.52734375 0.18515625 0.1
20 0.840625 0.6296875 0.18671875 0.09765625
1 0.84453125 0.7296875 0.18359375 0.10078125
8 0.8453125 0.83125 0.18359375 0.096875
12 0.846875 0.93203125 0.1796875 0.0984375
22 0.6640625 0.93046875 0.18046875 0.09921875
13 0.665625 0.828125 0.17421875 0.1
29 0.66015625 0.728125 0.17421875 0.09921875
32 0.6578125 0.62890625 0.17578125 0.10078125
31 0.65859375 0.5296875 0.1796875 0.096875