12 0.0734375 0.6546875 0.08125 0.26640625
12 0.13046875 0.63359375 0.0734375 0.27265625
12 0.18984375 0.63671875 0.07734375 0.2546875
17 0.253125 0.62578125 0.071875 0.2875
17 0.31171875 0.63359375 0.0703125 0.2421875
17 0.37578125 0.64375 0.05859375 0.2578125
0 0.43359375 0.6078125 0.06796875 0.27578125
0 0.490625 0.62265625 0.065625 0.27578125
3 0.55625 0.6078125 0.07109375 0.30625
3 0.61796875 0.603125 0.0640625 0.290625
5 0.68359375 0.6078125 0.075 0.2578125
5 0.7484375 0.6015625 0.06875 0.28203125
5 0.8109375 0.57734375 0.078125 0.33671875
3 0.9265625 0.4625 0.10078125 0.26953125