0 0.92890625 0.48125 0.065625 0.475
0 0.86171875 0.48125 0.05859375 0.415625
0 0.8 0.4875 0.06171875 0.42890625
2 0.7296875 0.48515625 0.0671875 0.46640625
3 0.6625 0.47265625 0.06328125 0.4328125
3 0.59921875 0.49140625 0.06328125 0.45390625
4 0.53125 0.51015625 0.06171875 0.37421875
4 0.4671875 0.53359375 0.065625 0.43671875
5 0.40546875 0.54375 0.06015625 0.4328125
5 0.334375 0.50234375 0.0703125 0.42421875
6 0.2671875 0.52109375 0.06640625 0.43671875
6 0.19921875 0.53984375 0.07109375 0.46640625
7 0.1328125 0.52734375 0.0765625 0.44140625
8 0.06953125 0.55234375 0.065625 0.4078125