10 0.1671875 0.875 0.08359375 0.196875
14 0.26484375 0.79140625 0.0859375 0.19375
14 0.325 0.74375 0.08828125 0.18828125
0 0.38671875 0.68984375 0.08984375 0.1875
0 0.44453125 0.6390625 0.0921875 0.1859375
1 0.503125 0.584375 0.09609375 0.1859375
1 0.56171875 0.5328125 0.09765625 0.18046875
4 0.62109375 0.48203125 0.0984375 0.17578125
5 0.62109375 0.48203125 0.0984375 0.17578125
5 0.68125 0.43125 0.09921875 0.1703125
7 0.7375 0.37890625 0.10390625 0.16875
7 0.7953125 0.32734375 0.1046875 0.16640625
8 0.85859375 0.2859375 0.10703125 0.16875
8 0.9171875 0.23671875 0.109375 0.1609375