9 0.09921875 0.59375 0.0765625 0.553125
17 0.1671875 0.5625 0.07109375 0.5578125
0 0.23984375 0.5171875 0.07109375 0.553125
17 0.3109375 0.48828125 0.06796875 0.5140625
9 0.3765625 0.4546875 0.0609375 0.52421875
17 0.44609375 0.46875 0.06484375 0.553125
27 0.51015625 0.39921875 0.065625 0.51953125
31 0.57890625 0.3796875 0.06875 0.52890625
29 0.64453125 0.37734375 0.0703125 0.5140625
29 0.7078125 0.36796875 0.07578125 0.4859375
33 0.77578125 0.31953125 0.07578125 0.4953125
28 0.8421875 0.3390625 0.0859375 0.5046875
30 0.903125 0.30546875 0.084375 0.52421875