20 0.0734375 0.35078125 0.140625 0.12734375
17 0.934375 0.64375 0.0953125 0.1015625
23 0.9296875 0.54609375 0.09375 0.10703125
19 0.9296875 0.44609375 0.08828125 0.1015625
27 0.84453125 0.64921875 0.09921875 0.109375
19 0.8390625 0.55234375 0.09375 0.10625
16 0.83984375 0.45078125 0.09140625 0.1046875
18 0.7421875 0.45625 0.10078125 0.1109375
6 0.74375 0.559375 0.10546875 0.10625
24 0.75078125 0.659375 0.1 0.109375
26 0.6484375 0.45703125 0.10703125 0.10859375
31 0.65 0.5640625 0.10546875 0.11328125
23 0.65234375 0.66796875 0.11015625 0.1140625
3 0.54765625 0.46171875 0.1140625 0.10546875
20 0.54765625 0.56796875 0.1109375 0.1109375
21 0.54765625 0.67421875 0.11015625 0.11328125
32 0.43984375 0.46328125 0.12109375 0.11328125
10 0.4421875 0.56875 0.115625 0.11171875
29 0.446875 0.67890625 0.11484375 0.11640625
18 0.32421875 0.4625 0.1171875 0.11171875
21 0.3328125 0.57578125 0.1203125 0.11875
2 0.3375 0.68515625 0.12109375 0.12421875
16 0.21015625 0.46640625 0.13359375 0.11953125
21 0.2171875 0.5796875 0.13203125 0.11875
13 0.21875 0.69296875 0.12578125 0.11875
0 0.0890625 0.46953125 0.13828125 0.12421875
2 0.09375 0.5859375 0.1296875 0.12265625
0 0.10234375 0.7015625 0.1359375 0.11640625