14 0.26796875 0.18828125 0.153125 0.0828125
9 0.275 0.271875 0.153125 0.0828125
30 0.278125 0.3546875 0.153125 0.0828125
15 0.28984375 0.43671875 0.153125 0.0828125
25 0.29140625 0.51796875 0.153125 0.0828125
6 0.29609375 0.5953125 0.153125 0.0828125
4 0.29140625 0.67578125 0.153125 0.0828125
10 0.2953125 0.75078125 0.153125 0.0828125
31 0.29765625 0.825 0.153125 0.0828125
4 0.41953125 0.18515625 0.153125 0.0828125
28 0.4171875 0.265625 0.153125 0.0828125
24 0.42421875 0.35 0.153125 0.0828125
23 0.4296875 0.4328125 0.153125 0.0828125
6 0.428125 0.515625 0.153125 0.0828125
29 0.434375 0.5921875 0.153125 0.0828125
7 0.4359375 0.66640625 0.153125 0.0828125
26 0.4359375 0.7453125 0.153125 0.0828125
13 0.43203125 0.81953125 0.153125 0.0828125
8 0.5625 0.1859375 0.153125 0.0828125
12 0.56015625 0.26953125 0.153125 0.0828125
30 0.56484375 0.35234375 0.153125 0.0828125
9 0.5734375 0.43203125 0.153125 0.0828125
8 0.5703125 0.51328125 0.153125 0.0828125
31 0.56953125 0.5890625 0.153125 0.0828125
1 0.57734375 0.66796875 0.153125 0.0828125
32 0.57109375 0.74140625 0.153125 0.0828125
16 0.575 0.815625 0.153125 0.0828125
27 0.70390625 0.1875 0.153125 0.0828125
15 0.70546875 0.26796875 0.153125 0.0828125
22 0.70546875 0.34765625 0.153125 0.0828125
22 0.715625 0.42890625 0.153125 0.0828125
33 0.7078125 0.5078125 0.153125 0.0828125
23 0.71015625 0.5875 0.153125 0.0828125
0 0.7109375 0.66328125 0.153125 0.0828125
27 0.70859375 0.73828125 0.153125 0.0828125
31 0.70859375 0.8078125 0.153125 0.0828125