22 0.4953125 0.30703125 0.06953125 0.190625
20 0.0828125 0.7140625 0.0703125 0.20625
21 0.15 0.71015625 0.0671875 0.2078125
5 0.221875 0.7078125 0.0640625 0.17734375
6 0.2859375 0.70234375 0.065625 0.196875
7 0.35546875 0.70390625 0.0609375 0.19921875
11 0.42421875 0.7109375 0.0671875 0.2140625
12 0.49453125 0.7109375 0.06484375 0.2109375
13 0.5671875 0.70703125 0.06875 0.20546875
14 0.63828125 0.71640625 0.07109375 0.20078125
15 0.70390625 0.71015625 0.06484375 0.2140625
16 0.775 0.71328125 0.0703125 0.19765625
8 0.775 0.71328125 0.0703125 0.19765625
16 0.84296875 0.71015625 0.065625 0.18359375
16 0.9140625 0.71484375 0.06875 0.2109375