1 0.79765625 0.115625 0.1765625 0.103125
28 0.79296875 0.209375 0.17109375 0.09765625
5 0.79140625 0.30078125 0.1671875 0.1
5 0.79140625 0.39296875 0.17109375 0.09921875
9 0.79296875 0.48125 0.16953125 0.09375
19 0.79375 0.57265625 0.17265625 0.09140625
18 0.79140625 0.66328125 0.16875 0.09375
28 0.78671875 0.74921875 0.16484375 0.08828125
1 0.784375 0.83671875 0.15625 0.0921875
14 0.62890625 0.12890625 0.16796875 0.1
3 0.6296875 0.21953125 0.16484375 0.09609375
3 0.63046875 0.31015625 0.1578125 0.09375
18 0.6296875 0.39921875 0.16171875 0.0953125
5 0.6296875 0.4890625 0.15625 0.0875
26 0.63046875 0.5734375 0.15625 0.0875
29 0.63125 0.65859375 0.153125 0.08984375
17 0.63046875 0.74765625 0.15625 0.090625
8 0.63046875 0.83046875 0.1546875 0.090625
24 0.471875 0.13671875 0.15703125 0.0984375
5 0.471875 0.22578125 0.1515625 0.0953125
13 0.4734375 0.3125 0.15625 0.09375
20 0.47734375 0.4015625 0.153125 0.0921875
27 0.47890625 0.4875 0.15234375 0.08828125
17 0.48125 0.57265625 0.1515625 0.0875
22 0.48046875 0.65625 0.15078125 0.09140625
9 0.48125 0.74140625 0.15 0.0890625
7 0.48046875 0.8234375 0.1515625 0.08828125
22 0.33359375 0.8171875 0.14296875 0.0875
32 0.33671875 0.7390625 0.14296875 0.08671875
20 0.33515625 0.65546875 0.14140625 0.08828125
8 0.33515625 0.57109375 0.14453125 0.08515625
24 0.33359375 0.4875 0.1453125 0.08515625
21 0.33203125 0.403125 0.15078125 0.08828125
26 0.32578125 0.3171875 0.14296875 0.090625
29 0.3234375 0.2375 0.1453125 0.090625
4 0.3234375 0.1453125 0.14765625 0.09609375