31 0.71015625 0.79375 0.17265625 0.09453125
27 0.71484375 0.70078125 0.16953125 0.09375
0 0.71796875 0.60625 0.16875 0.0953125
23 0.715625 0.51171875 0.175 0.1015625
33 0.71875 0.4171875 0.16953125 0.09375
22 0.721875 0.31953125 0.16953125 0.09375
22 0.71640625 0.221875 0.16953125 0.09296875
15 0.70859375 0.125 0.1703125 0.09296875
16 0.54375 0.8015625 0.1703125 0.09296875
32 0.54453125 0.70625 0.16953125 0.09296875
1 0.54765625 0.60859375 0.16953125 0.09296875
31 0.5453125 0.5140625 0.16953125 0.09296875
8 0.5484375 0.41953125 0.1703125 0.09296875
9 0.553125 0.321875 0.16953125 0.09375
30 0.54609375 0.221875 0.16953125 0.09296875
12 0.53828125 0.12265625 0.16953125 0.09296875
13 0.3765625 0.79765625 0.16953125 0.09375
26 0.37578125 0.70546875 0.16953125 0.09375
7 0.3734375 0.61015625 0.1703125 0.09296875
29 0.37265625 0.5140625 0.1703125 0.09375
6 0.3734375 0.41796875 0.16953125 0.09296875
23 0.38203125 0.31796875 0.16953125 0.09296875
24 0.36875 0.2203125 0.1703125 0.09296875
28 0.365625 0.12109375 0.16953125 0.09296875
31 0.20546875 0.80546875 0.16953125 0.09375
10 0.2046875 0.71171875 0.1703125 0.09296875
4 0.20546875 0.61484375 0.1703125 0.09375
6 0.19453125 0.5203125 0.1703125 0.09375
25 0.19609375 0.42109375 0.1703125 0.09296875
15 0.20625 0.32109375 0.1703125 0.09296875
30 0.19453125 0.221875 0.1703125 0.09296875
9 0.1875 0.1234375 0.1703125 0.09375