22 0.215625 0.134375 0.18515625 0.0984375
32 0.21875 0.2375 0.18515625 0.0984375
20 0.2203125 0.3421875 0.18515625 0.0984375
8 0.225 0.4484375 0.1859375 0.0984375
24 0.22734375 0.55625 0.1859375 0.0984375
21 0.2265625 0.6609375 0.1859375 0.0984375
26 0.228125 0.76640625 0.1859375 0.0984375
29 0.23046875 0.8703125 0.18515625 0.0984375
7 0.40234375 0.12890625 0.1859375 0.0984375
9 0.40234375 0.23515625 0.18515625 0.0984375
22 0.40625 0.3390625 0.18515625 0.0984375
17 0.41015625 0.44609375 0.18515625 0.0984375
27 0.41640625 0.55546875 0.18515625 0.0984375
20 0.4140625 0.6609375 0.1859375 0.0984375
13 0.41484375 0.76796875 0.1859375 0.0984375
5 0.4171875 0.871875 0.18515625 0.0984375
8 0.5890625 0.1328125 0.18515625 0.0984375
17 0.59296875 0.23671875 0.1859375 0.0984375
29 0.596875 0.3390625 0.18515625 0.0984375
26 0.5984375 0.446875 0.18515625 0.0984375
5 0.603125 0.55390625 0.18515625 0.0984375
18 0.6 0.66171875 0.18515625 0.0984375
3 0.6046875 0.765625 0.1859375 0.0984375
3 0.60546875 0.87265625 0.1859375 0.0984375
1 0.77578125 0.13359375 0.18515625 0.0984375
28 0.78125 0.23828125 0.18515625 0.0984375
18 0.7859375 0.34140625 0.18515625 0.0984375
19 0.7890625 0.45 0.1859375 0.0984375
9 0.79296875 0.55859375 0.18515625 0.0984375
5 0.79140625 0.66484375 0.18515625 0.0984375
5 0.7921875 0.76953125 0.1859375 0.0984375
28 0.7921875 0.87421875 0.18359375 0.0984375