12 0.9265625 0.3453125 0.08125 0.26640625
12 0.86953125 0.36640625 0.0734375 0.27265625
12 0.81015625 0.36328125 0.07734375 0.2546875
17 0.746875 0.37421875 0.071875 0.2875
17 0.68828125 0.36640625 0.0703125 0.2421875
17 0.62421875 0.35625 0.05859375 0.2578125
0 0.56640625 0.3921875 0.06796875 0.27578125
0 0.509375 0.37734375 0.065625 0.27578125
3 0.44375 0.3921875 0.07109375 0.30625
3 0.38203125 0.396875 0.0640625 0.290625
5 0.31640625 0.3921875 0.075 0.2578125
5 0.2515625 0.3984375 0.06875 0.28203125
5 0.1890625 0.42265625 0.078125 0.33671875
3 0.0734375 0.5375 0.10078125 0.26953125