9 0.90859375 0.53203125 0.0625 0.5078125
9 0.84375 0.54765625 0.05859375 0.5234375
9 0.78359375 0.5234375 0.0625 0.4765625
15 0.721875 0.50390625 0.05859375 0.5
15 0.659375 0.46015625 0.0625 0.4921875
15 0.6 0.4328125 0.06640625 0.5
22 0.53984375 0.4203125 0.06640625 0.5078125
22 0.478125 0.35703125 0.07421875 0.5875
22 0.41796875 0.37734375 0.07421875 0.484375
24 0.35546875 0.35703125 0.0734375 0.5078125
24 0.29375 0.34140625 0.0796875 0.53984375
27 0.23046875 0.31328125 0.08359375 0.53203125
27 0.16328125 0.28203125 0.08046875 0.53203125
27 0.09453125 0.2421875 0.08203125 0.484375