3 0.94765625 0.67421875 0.08984375 0.48828125
3 0.87734375 0.6625 0.0734375 0.4765625
5 0.80546875 0.6421875 0.08046875 0.49453125
5 0.72890625 0.63046875 0.078125 0.50546875
5 0.65859375 0.63046875 0.0734375 0.49453125
6 0.5859375 0.6453125 0.071875 0.5234375
6 0.5125 0.628125 0.07265625 0.5234375
6 0.52421875 0.19765625 0.09375 0.3140625
12 0.43671875 0.621875 0.08203125 0.51171875
12 0.36875 0.6046875 0.07265625 0.51171875
12 0.29765625 0.61328125 0.0796875 0.4828125
14 0.22890625 0.59921875 0.078125 0.51171875
14 0.15234375 0.6078125 0.08359375 0.55234375
14 0.0828125 0.57265625 0.0921875 0.52890625