0 0.07109375 0.51875 0.065625 0.475
0 0.13828125 0.51875 0.05859375 0.415625
0 0.2 0.5125 0.06171875 0.42890625
2 0.2703125 0.51484375 0.0671875 0.46640625
3 0.3375 0.52734375 0.06328125 0.4328125
3 0.40078125 0.50859375 0.06328125 0.45390625
4 0.46875 0.48984375 0.06171875 0.37421875
4 0.5328125 0.46640625 0.065625 0.43671875
5 0.59453125 0.45625 0.06015625 0.4328125
5 0.665625 0.49765625 0.0703125 0.42421875
6 0.7328125 0.47890625 0.06640625 0.43671875
6 0.80078125 0.46015625 0.07109375 0.46640625
7 0.8671875 0.47265625 0.0765625 0.44140625
8 0.93046875 0.44765625 0.065625 0.4078125