17 0.1265625 0.40625 0.1125 0.1046875
12 0.125 0.50625 0.10546875 0.103125
15 0.12890625 0.60859375 0.10703125 0.1015625
19 0.121875 0.71171875 0.10859375 0.1078125
7 0.22578125 0.70390625 0.1 0.1046875
30 0.23125 0.40546875 0.10078125 0.1015625
13 0.22890625 0.50390625 0.1 0.10234375
10 0.23359375 0.60546875 0.10546875 0.10234375
11 0.32421875 0.7 0.096875 0.10078125
11 0.3296875 0.6015625 0.09921875 0.10390625
6 0.33046875 0.50546875 0.09921875 0.0984375
10 0.3296875 0.409375 0.10078125 0.09921875
25 0.4265625 0.4109375 0.09765625 0.09921875
2 0.425 0.50703125 0.09375 0.0953125
16 0.42578125 0.6046875 0.0984375 0.09921875
30 0.421875 0.70234375 0.09453125 0.09921875
11 0.51796875 0.7015625 0.09921875 0.1015625
25 0.51875 0.60859375 0.096875 0.09921875
15 0.51953125 0.51328125 0.1 0.0953125
14 0.525 0.4203125 0.10234375 0.09921875
12 0.6140625 0.7015625 0.09296875 0.09375
25 0.61015625 0.60859375 0.09921875 0.09453125
1 0.61171875 0.5171875 0.096875 0.0953125
7 0.6171875 0.42578125 0.08828125 0.09765625
12 0.7015625 0.7 0.0890625 0.08984375
4 0.7046875 0.60703125 0.0890625 0.09375
2 0.70390625 0.51953125 0.08828125 0.09375
33 0.70703125 0.428125 0.09140625 0.08984375
32 0.78671875 0.69765625 0.0890625 0.09453125
33 0.78671875 0.609375 0.08828125 0.09375
14 0.78671875 0.51875 0.08828125 0.0890625
0 0.7890625 0.42890625 0.0859375 0.09296875
28 0.8734375 0.43203125 0.08359375 0.08984375
11 0.87265625 0.52109375 0.0796875 0.08828125
33 0.86875 0.60703125 0.08203125 0.09140625
3 0.8671875 0.69609375 0.07578125 0.090625