27 0.50703125 0.83359375 0.10546875 0.06015625
31 0.50703125 0.77421875 0.10546875 0.05859375
32 0.5046875 0.7140625 0.10546875 0.059375
29 0.50625 0.6546875 0.10703125 0.0578125
13 0.50625 0.59609375 0.10859375 0.05859375
22 0.50625 0.53671875 0.109375 0.059375
4 0.50625 0.47890625 0.10859375 0.05703125
4 0.50546875 0.41953125 0.1046875 0.05859375
6 0.50546875 0.359375 0.11171875 0.06484375
28 0.50390625 0.3 0.10625 0.06171875
0 0.50546875 0.2390625 0.10859375 0.0609375
6 0.50390625 0.178125 0.10859375 0.059375
19 0.50546875 0.11875 0.10625 0.059375
14 0.5046875 0.0578125 0.10703125 0.06015625