9 0.0625 0.52109375 0.09765625 0.47890625
9 0.15 0.50859375 0.0875 0.46875
10 0.2375 0.5015625 0.0859375 0.46875
10 0.31796875 0.496875 0.0828125 0.4515625
11 0.39453125 0.49140625 0.08125 0.434375
11 0.46875 0.50546875 0.08203125 0.42734375
15 0.5375 0.4875 0.08046875 0.4203125
15 0.60234375 0.4671875 0.08203125 0.41328125
16 0.6703125 0.47578125 0.0796875 0.403125
16 0.73046875 0.47421875 0.08046875 0.39921875
17 0.7921875 0.48984375 0.07734375 0.409375
17 0.85 0.49140625 0.07890625 0.38515625
17 0.90546875 0.4828125 0.0765625 0.3890625