14 0.22734375 0.125 0.178125 0.1046875
9 0.225 0.2234375 0.18046875 0.1046875
30 0.23515625 0.32109375 0.178125 0.10234375
15 0.234375 0.4171875 0.17421875 0.09375
25 0.2375 0.5109375 0.17421875 0.09609375
6 0.23828125 0.60703125 0.1765625 0.10078125
4 0.24375 0.7 0.1734375 0.0984375
10 0.2484375 0.7921875 0.175 0.09375
31 0.25 0.8828125 0.175 0.1015625
13 0.4171875 0.86875 0.16484375 0.10078125
16 0.57734375 0.86171875 0.15859375 0.09609375
31 0.728125 0.846875 0.1546875 0.090625
27 0.72578125 0.7625 0.153125 0.09296875
26 0.4125 0.7828125 0.1625 0.09765625
32 0.575 0.775 0.15859375 0.09453125
7 0.4109375 0.69375 0.16484375 0.096875
1 0.56953125 0.68515625 0.1640625 0.1015625
0 0.7234375 0.67734375 0.1546875 0.09296875
29 0.40859375 0.603125 0.1703125 0.1015625
31 0.565625 0.59765625 0.15703125 0.096875
23 0.715625 0.590625 0.153125 0.0921875
6 0.40625 0.5109375 0.16328125 0.0953125
8 0.56484375 0.509375 0.15859375 0.090625
33 0.71953125 0.50390625 0.153125 0.08828125
23 0.40703125 0.41953125 0.16796875 0.09375
9 0.5625 0.41953125 0.1625 0.09375
22 0.7203125 0.41484375 0.15625 0.08671875
24 0.4046875 0.328125 0.16953125 0.10078125
30 0.56484375 0.325 0.15859375 0.09375
22 0.71875 0.32265625 0.15546875 0.09296875
28 0.39609375 0.234375 0.16875 0.1
12 0.56015625 0.23515625 0.1625 0.09765625
15 0.71328125 0.234375 0.15703125 0.09453125
4 0.39921875 0.14140625 0.1734375 0.10234375
8 0.55859375 0.14296875 0.16171875 0.0984375
27 0.7140625 0.14453125 0.15078125 0.0921875