16 0.12265625 0.05546875 0.1234375 0.06484375
6 0.11875 0.12265625 0.1171875 0.065625
26 0.11875 0.190625 0.1265625 0.071875
28 0.115625 0.2609375 0.1296875 0.071875
27 0.1125 0.33203125 0.12578125 0.0734375
18 0.10703125 0.4 0.128125 0.0671875
19 0.10625 0.4703125 0.12578125 0.06796875
1 0.10390625 0.54453125 0.1328125 0.07421875
29 0.10390625 0.615625 0.13125 0.06796875
0 0.096875 0.68828125 0.12421875 0.0703125
15 0.096875 0.7625 0.128125 0.0765625
22 0.09453125 0.83828125 0.12578125 0.06953125
11 0.09140625 0.91171875 0.12734375 0.0796875
7 0.24453125 0.06015625 0.12421875 0.0703125
6 0.24609375 0.12734375 0.12421875 0.06796875
0 0.24453125 0.196875 0.1265625 0.06953125
18 0.2421875 0.265625 0.12265625 0.075
17 0.24140625 0.33515625 0.121875 0.07109375
24 0.2390625 0.40703125 0.128125 0.07421875
30 0.2375 0.47734375 0.12734375 0.07109375
13 0.2328125 0.54765625 0.12265625 0.06796875
6 0.23125 0.61953125 0.1296875 0.075
22 0.22734375 0.6953125 0.12578125 0.075
32 0.225 0.76875 0.13203125 0.071875
15 0.2234375 0.840625 0.1296875 0.075
7 0.22109375 0.91875 0.1265625 0.07421875
33 0.371875 0.0625 0.1265625 0.06796875
28 0.371875 0.128125 0.1265625 0.06875
18 0.36875 0.19609375 0.1234375 0.0671875
17 0.36796875 0.2671875 0.1234375 0.06953125
5 0.3671875 0.3359375 0.12265625 0.0734375
3 0.3640625 0.4078125 0.12734375 0.0703125
14 0.365625 0.478125 0.1265625 0.07109375
33 0.3625 0.5484375 0.1234375 0.0671875
4 0.3609375 0.621875 0.1265625 0.07109375
31 0.35859375 0.69453125 0.12734375 0.07578125
9 0.3578125 0.76953125 0.12734375 0.0734375
10 0.353125 0.8453125 0.1265625 0.07734375
25 0.353125 0.91875 0.12890625 0.07421875
16 0.5 0.059375 0.12265625 0.06796875
5 0.496875 0.12890625 0.12578125 0.0671875
23 0.49609375 0.19765625 0.12265625 0.06875
12 0.49609375 0.2671875 0.12734375 0.07109375
9 0.4921875 0.33671875 0.12734375 0.071875
28 0.49375 0.40703125 0.12734375 0.071875
15 0.490625 0.4796875 0.12578125 0.06953125
21 0.490625 0.55078125 0.12890625 0.0734375
17 0.48984375 0.6234375 0.128125 0.07421875
33 0.490625 0.69609375 0.12890625 0.0734375
9 0.48984375 0.7734375 0.12734375 0.07421875
32 0.4875 0.84609375 0.12890625 0.0765625
16 0.48125 0.91953125 0.1296875 0.07734375
28 0.62265625 0.059375 0.1234375 0.0671875
26 0.62734375 0.12734375 0.1296875 0.06875
27 0.62421875 0.1953125 0.12734375 0.07265625
23 0.6234375 0.26875 0.128125 0.06953125
30 0.62109375 0.33671875 0.12421875 0.0734375
19 0.6203125 0.40859375 0.1296875 0.06796875
13 0.61796875 0.48046875 0.12421875 0.07265625
0 0.61875 0.55234375 0.13203125 0.07109375
2 0.61875 0.625 0.1296875 0.07109375
1 0.6171875 0.6984375 0.128125 0.0734375
3 0.6203125 0.775 0.1296875 0.07578125
7 0.6171875 0.8484375 0.128125 0.0734375
23 0.61796875 0.92421875 0.13125 0.07421875
4 0.74921875 0.05859375 0.12578125 0.06953125
25 0.7546875 0.1296875 0.12890625 0.06953125
21 0.75234375 0.196875 0.1265625 0.06875
10 0.753125 0.26640625 0.12734375 0.0703125
9 0.753125 0.33828125 0.12734375 0.0703125
5 0.7515625 0.41015625 0.1296875 0.0703125
8 0.75234375 0.48203125 0.1328125 0.07421875
12 0.75 0.553125 0.13203125 0.06796875
11 0.7515625 0.6265625 0.13125 0.0734375
24 0.74921875 0.69921875 0.13203125 0.0734375
25 0.74921875 0.77421875 0.13125 0.07265625
0 0.75078125 0.85 0.1328125 0.0734375
19 0.75390625 0.925 0.13359375 0.07578125
17 0.87890625 0.0578125 0.12421875 0.06484375
6 0.88046875 0.12578125 0.12734375 0.07421875
18 0.88125 0.19609375 0.12578125 0.06875
10 0.88203125 0.2703125 0.1296875 0.0703125
16 0.88125 0.33828125 0.12734375 0.06953125
14 0.88203125 0.41015625 0.13203125 0.07109375
32 0.8859375 0.48203125 0.12734375 0.071875
2 0.88125 0.5546875 0.1359375 0.07421875
26 0.88359375 0.628125 0.1296875 0.07265625
2 0.884375 0.70234375 0.13125 0.07265625
17 0.8828125 0.775 0.134375 0.0734375
25 0.8859375 0.85078125 0.13359375 0.07265625
3 0.88515625 0.92734375 0.128125 0.078125