0 0.16484375 0.9015625 0.184375 0.10390625
13 0.16796875 0.79609375 0.18359375 0.10390625
2 0.1671875 0.696875 0.184375 0.10390625
29 0.1703125 0.59609375 0.184375 0.10390625
21 0.17890625 0.4953125 0.18359375 0.10390625
23 0.1765625 0.39609375 0.184375 0.10390625
24 0.18125 0.29921875 0.184375 0.10390625
27 0.18515625 0.203125 0.184375 0.10390625
17 0.184375 0.10859375 0.184375 0.10390625
2 0.34375 0.89765625 0.184375 0.10390625
21 0.34609375 0.7953125 0.18359375 0.10390625
21 0.3484375 0.69375 0.18359375 0.10390625
10 0.35390625 0.59609375 0.184375 0.10390625
20 0.35546875 0.49765625 0.184375 0.10390625
31 0.35234375 0.3984375 0.184375 0.10390625
6 0.34765625 0.3078125 0.18359375 0.10390625
19 0.35703125 0.2015625 0.184375 0.10390625
23 0.359375 0.1078125 0.18359375 0.10390625
0 0.5234375 0.89921875 0.184375 0.10390625
16 0.528125 0.7984375 0.184375 0.10390625
18 0.5328125 0.69453125 0.184375 0.10390625
32 0.52734375 0.59375 0.184375 0.10390625
3 0.52734375 0.4984375 0.184375 0.10390625
26 0.5265625 0.39921875 0.18359375 0.10390625
18 0.52421875 0.3 0.184375 0.10390625
16 0.5234375 0.20078125 0.184375 0.10390625
19 0.5296875 0.10546875 0.184375 0.10390625
20 0.7046875 0.9015625 0.184375 0.10390625