17 0.1234375 0.61796875 0.1 0.12109375
0 0.2046875 0.6109375 0.09453125 0.1203125
8 0.28203125 0.60390625 0.08671875 0.1203125
18 0.3609375 0.59921875 0.08125 0.1171875
26 0.4375 0.59921875 0.07578125 0.1140625
27 0.5109375 0.596875 0.078125 0.115625
31 0.5859375 0.5953125 0.07890625 0.115625
32 0.6609375 0.59453125 0.0859375 0.1140625
29 0.7359375 0.59296875 0.08671875 0.1171875
28 0.8078125 0.59296875 0.09140625 0.11875
30 0.8796875 0.59296875 0.09921875 0.1109375
30 0.95234375 0.5921875 0.09296875 0.1140625