23 0.19375 0.92734375 0.09296875 0.04765625
4 0.19375 0.8765625 0.09296875 0.05234375
29 0.18984375 0.82265625 0.0953125 0.046875
31 0.18984375 0.76953125 0.09140625 0.0546875
28 0.19140625 0.7171875 0.09765625 0.05078125
24 0.1875 0.6640625 0.096875 0.05
2 0.1875 0.609375 0.096875 0.053125
5 0.18671875 0.5546875 0.10078125 0.05234375
17 0.1859375 0.50078125 0.09765625 0.05625
17 0.18671875 0.44453125 0.10078125 0.05
20 0.1859375 0.3890625 0.10078125 0.05546875
3 0.1875 0.33359375 0.0984375 0.053125
9 0.18671875 0.27890625 0.10078125 0.0578125
21 0.184375 0.221875 0.0984375 0.05546875
8 0.1890625 0.1640625 0.10234375 0.06171875
23 0.184375 0.10546875 0.09453125 0.0546875
30 0.18515625 0.04921875 0.0984375 0.053125
26 0.28671875 0.92734375 0.09765625 0.05625
1 0.28671875 0.8765625 0.09765625 0.053125
1 0.28828125 0.825 0.09921875 0.0484375
9 0.28828125 0.771875 0.0953125 0.053125
27 0.28671875 0.7171875 0.09296875 0.053125
18 0.28515625 0.66328125 0.09765625 0.05390625
17 0.2828125 0.609375 0.09453125 0.053125
23 0.28515625 0.55546875 0.0953125 0.05546875
7 0.28359375 0.5 0.09921875 0.05390625
4 0.2875 0.44453125 0.1 0.0546875
9 0.28671875 0.390625 0.096875 0.0546875
27 0.28515625 0.33515625 0.09765625 0.053125
25 0.284375 0.278125 0.09921875 0.05625
19 0.28671875 0.221875 0.0984375 0.053125
25 0.28671875 0.1640625 0.10234375 0.05703125
33 0.28671875 0.1078125 0.10078125 0.05390625
26 0.2859375 0.0484375 0.1 0.06171875
6 0.38515625 0.93125 0.10234375 0.0515625
18 0.38359375 0.87734375 0.09375 0.05234375
26 0.3828125 0.82421875 0.0953125 0.05078125
30 0.38515625 0.77109375 0.096875 0.05390625
33 0.38125 0.715625 0.096875 0.053125
33 0.38203125 0.66328125 0.09765625 0.053125
29 0.38125 0.609375 0.09921875 0.053125
5 0.38046875 0.55546875 0.0984375 0.05625
0 0.384375 0.5 0.09921875 0.05546875
25 0.384375 0.44609375 0.09765625 0.053125
27 0.3859375 0.39140625 0.1 0.05390625
20 0.384375 0.33359375 0.10234375 0.0578125
28 0.3859375 0.27578125 0.1046875 0.0578125
25 0.38515625 0.2203125 0.0984375 0.05546875
24 0.38515625 0.1640625 0.1 0.0609375
28 0.38515625 0.10625 0.10078125 0.05625
1 0.38515625 0.04765625 0.09921875 0.0578125
8 0.478125 0.9359375 0.09921875 0.05625
21 0.48125 0.88125 0.09375 0.05078125
2 0.48203125 0.82734375 0.09921875 0.0546875
9 0.478125 0.77421875 0.09765625 0.05234375
31 0.48125 0.71953125 0.096875 0.05703125
8 0.48125 0.6640625 0.10078125 0.053125
32 0.47890625 0.6109375 0.0984375 0.05234375
7 0.4796875 0.55625 0.0984375 0.05390625
20 0.47890625 0.50234375 0.096875 0.05625
0 0.48046875 0.446875 0.10546875 0.05546875
31 0.484375 0.390625 0.0984375 0.05859375
4 0.48359375 0.33359375 0.10546875 0.06171875
3 0.48515625 0.27421875 0.1 0.059375
32 0.48359375 0.2171875 0.09921875 0.05625
6 0.4859375 0.1625 0.10078125 0.05625
6 0.48828125 0.10625 0.103125 0.0578125
32 0.48828125 0.046875 0.09921875 0.05703125
21 0.57578125 0.9375 0.09921875 0.05078125
22 0.57890625 0.88203125 0.09765625 0.05625
0 0.57734375 0.83046875 0.0984375 0.053125
21 0.575 0.77734375 0.0953125 0.053125
26 0.57890625 0.72109375 0.10078125 0.05703125
3 0.578125 0.665625 0.109375 0.0546875
2 0.57734375 0.6125 0.09765625 0.053125
19 0.5796875 0.55703125 0.103125 0.04921875
30 0.57890625 0.50390625 0.09921875 0.05546875
4 0.58125 0.446875 0.103125 0.05390625
30 0.58203125 0.38984375 0.10078125 0.05859375
3 0.5859375 0.3328125 0.10390625 0.05703125
5 0.58515625 0.2765625 0.10078125 0.05859375
29 0.58359375 0.2171875 0.103125 0.05546875
20 0.58671875 0.159375 0.10546875 0.06171875
24 0.58984375 0.10234375 0.10234375 0.059375
18 0.5890625 0.04296875 0.10234375 0.0578125
33 0.67109375 0.93515625 0.09921875 0.053125
8 0.67421875 0.88359375 0.0953125 0.053125
17 0.67578125 0.83046875 0.0984375 0.0546875
24 0.67578125 0.77578125 0.09921875 0.04921875
1 0.67578125 0.72265625 0.103125 0.05703125
22 0.67734375 0.6671875 0.1 0.0515625
0 0.678125 0.61171875 0.10078125 0.05546875
2 0.67890625 0.55546875 0.10234375 0.05703125
6 0.67890625 0.50234375 0.10390625 0.05234375
7 0.68125 0.44765625 0.10390625 0.0546875
22 0.684375 0.3890625 0.10390625 0.05859375
19 0.68671875 0.33203125 0.10234375 0.05703125
19 0.6875 0.27578125 0.10390625 0.0578125
18 0.68828125 0.21640625 0.10234375 0.059375
28 0.6890625 0.1609375 0.10234375 0.05703125
23 0.69296875 0.10078125 0.10859375 0.065625
7 0.69453125 0.03984375 0.10703125 0.0609375
12 0.77109375 0.93828125 0.09765625 0.05
10 0.77421875 0.88359375 0.09765625 0.05625
15 0.775 0.83046875 0.09765625 0.05
15 0.775 0.77890625 0.09921875 0.0546875
14 0.77734375 0.7234375 0.10078125 0.05703125
12 0.778125 0.66875 0.10234375 0.05546875
11 0.77734375 0.6140625 0.10078125 0.053125
12 0.78046875 0.55703125 0.10078125 0.05625
13 0.784375 0.50234375 0.1046875 0.05625
15 0.78359375 0.4453125 0.10234375 0.053125
13 0.78671875 0.3890625 0.10390625 0.05859375
10 0.7890625 0.33125 0.10390625 0.06015625
13 0.790625 0.2734375 0.10625 0.06015625
16 0.7921875 0.21640625 0.10078125 0.05390625
10 0.79140625 0.16015625 0.1046875 0.05625
12 0.79765625 0.10078125 0.10703125 0.059375
11 0.79921875 0.040625 0.109375 0.0578125
27 0.87109375 0.93984375 0.10234375 0.046875
31 0.8734375 0.88671875 0.1 0.05234375
32 0.87421875 0.83359375 0.10078125 0.05390625
29 0.8734375 0.78046875 0.09921875 0.0515625
4 0.87578125 0.7265625 0.1 0.05234375
22 0.87734375 0.66953125 0.09921875 0.05390625
13 0.88046875 0.61640625 0.10234375 0.05234375
14 0.88203125 0.56015625 0.10234375 0.053125
16 0.8828125 0.50234375 0.103125 0.0578125
15 0.8875 0.446875 0.10625 0.05546875
16 0.890625 0.3890625 0.1 0.0578125
16 0.88984375 0.33203125 0.10078125 0.05625
11 0.89296875 0.2734375 0.10390625 0.059375
14 0.89609375 0.215625 0.10625 0.05703125
14 0.896875 0.15703125 0.10703125 0.0578125
12 0.903125 0.0984375 0.10859375 0.059375
11 0.9046875 0.03828125 0.10703125 0.0578125