1 0.046875 0.6640625 0.0890625 0.1578125
1 0.11875 0.6609375 0.08671875 0.1578125
1 0.18984375 0.65703125 0.08203125 0.159375
7 0.26015625 0.6515625 0.07421875 0.1546875
7 0.3328125 0.64609375 0.07578125 0.15
19 0.4046875 0.6390625 0.0703125 0.1546875
19 0.4703125 0.63515625 0.06953125 0.153125
20 0.53984375 0.6359375 0.07109375 0.1515625
20 0.60546875 0.6296875 0.075 0.1546875
21 0.67265625 0.61328125 0.07578125 0.1484375
22 0.73984375 0.6109375 0.0796875 0.153125
23 0.809375 0.61328125 0.08359375 0.1484375
19 0.91171875 0.61640625 0.08828125 0.1484375
0 0.2296875 0.11328125 0.06796875 0.11328125
26 0.371875 0.18984375 0.06015625 0.11171875
4 0.43125 0.1828125 0.05859375 0.10703125