4 0.09375 0.31796875 0.121875 0.12265625
24 0.09140625 0.4359375 0.12578125 0.11484375
14 0.09609375 0.54921875 0.1203125 0.115625
1 0.0984375 0.65625 0.12109375 0.11484375
29 0.2078125 0.32109375 0.1203125 0.11796875
5 0.20859375 0.43359375 0.12109375 0.11171875
3 0.2140625 0.5453125 0.115625 0.11015625
28 0.215625 0.6515625 0.11484375 0.1140625
26 0.321875 0.32109375 0.1109375 0.11171875
13 0.3234375 0.4328125 0.10859375 0.1140625
3 0.32421875 0.54140625 0.10703125 0.11015625
5 0.3265625 0.64609375 0.11171875 0.109375
21 0.4296875 0.32578125 0.10625 0.11328125
20 0.42890625 0.43203125 0.115625 0.11015625
18 0.4296875 0.5390625 0.1109375 0.10703125
5 0.4328125 0.64375 0.10703125 0.11015625
24 0.5390625 0.3265625 0.109375 0.11015625
27 0.53671875 0.434375 0.10859375 0.10390625
5 0.53671875 0.5375 0.109375 0.10859375
9 0.5390625 0.6390625 0.1046875 0.10390625
8 0.640625 0.32734375 0.09765625 0.10546875
17 0.6375 0.43203125 0.103125 0.1078125
26 0.634375 0.53515625 0.10859375 0.10390625
19 0.6375 0.6359375 0.0984375 0.10390625
18 0.734375 0.6296875 0.09375 0.10390625
29 0.7328125 0.53203125 0.103125 0.1015625
22 0.73671875 0.4328125 0.0953125 0.10390625
20 0.73671875 0.32890625 0.09921875 0.10703125
32 0.82890625 0.33046875 0.09375 0.10390625
9 0.83203125 0.43125 0.09296875 0.09921875
17 0.82890625 0.5265625 0.09765625 0.09921875
28 0.8234375 0.6265625 0.09140625 0.1
22 0.91875 0.3328125 0.08515625 0.09921875
7 0.91796875 0.4296875 0.090625 0.0984375
8 0.91484375 0.52890625 0.09296875 0.10234375
1 0.9109375 0.625 0.09296875 0.09375