9 0.1015625 0.759375 0.0921875 0.21328125
10 0.17421875 0.7546875 0.08828125 0.21796875
11 0.2453125 0.75 0.08125 0.21796875
19 0.31640625 0.74765625 0.07734375 0.22265625
19 0.3875 0.74765625 0.06796875 0.22265625
19 0.45546875 0.7453125 0.07265625 0.22265625
3 0.528125 0.74609375 0.071875 0.2203125
4 0.59765625 0.740625 0.075 0.22265625
5 0.6671875 0.7390625 0.0765625 0.2203125
8 0.7375 0.73671875 0.084375 0.2203125
8 0.809375 0.7390625 0.08515625 0.215625
32 0.8796875 0.73671875 0.09140625 0.215625
32 0.9515625 0.740625 0.090625 0.20859375
32 0.77265625 0.278125 0.09375 0.275