31 0.49140625 0.896875 0.04453125 0.18046875
2 0.4421875 0.89921875 0.05 0.2015625
1 0.95234375 0.39375 0.06875 0.24375
2 0.90078125 0.37578125 0.06328125 0.26953125
3 0.84609375 0.39140625 0.05703125 0.24375
15 0.79921875 0.38515625 0.0640625 0.2515625
15 0.75078125 0.39375 0.0625 0.2484375
28 0.6953125 0.3859375 0.05703125 0.23828125
28 0.646875 0.38125 0.0546875 0.25390625
28 0.57890625 0.3640625 0.07421875 0.1515625
30 0.409375 0.26328125 0.07578125 0.17578125
30 0.35078125 0.31015625 0.05703125 0.2484375
30 0.2921875 0.3125 0.0640625 0.2328125
33 0.23671875 0.3125 0.071875 0.26953125
33 0.178125 0.3484375 0.0703125 0.26171875
33 0.10859375 0.3328125 0.0859375 0.19921875