19 0.215625 0.08671875 0.1859375 0.10625
7 0.2234375 0.19453125 0.18515625 0.10625
11 0.21953125 0.29765625 0.1859375 0.10625
30 0.21875 0.4046875 0.18515625 0.10546875
11 0.21640625 0.509375 0.1859375 0.10625
12 0.21640625 0.6140625 0.1859375 0.10625
12 0.21640625 0.71796875 0.18515625 0.10625
32 0.21796875 0.8234375 0.18515625 0.10546875
3 0.21640625 0.92578125 0.18515625 0.10625
15 0.403125 0.08125 0.1859375 0.10625
10 0.40859375 0.1890625 0.1859375 0.10546875
11 0.4078125 0.29765625 0.18515625 0.10625
16 0.40546875 0.40390625 0.18515625 0.10625
25 0.40234375 0.509375 0.18515625 0.10546875
25 0.40234375 0.61328125 0.18515625 0.10546875
4 0.4015625 0.71953125 0.18515625 0.10546875
33 0.403125 0.828125 0.18515625 0.10625
33 0.4015625 0.92890625 0.18515625 0.10625
12 0.59140625 0.0828125 0.1859375 0.10546875
13 0.59375 0.1890625 0.1859375 0.10546875
6 0.59453125 0.29609375 0.1859375 0.10546875
2 0.59453125 0.40390625 0.1859375 0.10625
15 0.5921875 0.50703125 0.18515625 0.10546875
1 0.590625 0.6140625 0.1859375 0.10546875
2 0.584375 0.71796875 0.18515625 0.10625
14 0.58359375 0.82265625 0.1859375 0.10625
11 0.5890625 0.92890625 0.18515625 0.10625
28 0.77265625 0.92734375 0.18515625 0.10546875
0 0.77265625 0.8203125 0.1859375 0.10546875
33 0.77421875 0.7140625 0.1859375 0.10625
7 0.78359375 0.61328125 0.1859375 0.10625
14 0.78125 0.5046875 0.1859375 0.10625
25 0.78125 0.39921875 0.1859375 0.10625
10 0.78828125 0.29375 0.1859375 0.10546875
30 0.78125 0.184375 0.1859375 0.10546875
17 0.78046875 0.07734375 0.1859375 0.10546875