9 0.9265625 0.4640625 0.08203125 0.1734375
9 0.8671875 0.4625 0.07265625 0.1734375
9 0.79921875 0.48203125 0.06484375 0.146875
13 0.73046875 0.48359375 0.06640625 0.15
13 0.6703125 0.48125 0.0609375 0.16171875
13 0.6046875 0.48046875 0.0671875 0.16015625
8 0.54453125 0.4859375 0.0609375 0.15546875
8 0.4765625 0.47578125 0.0703125 0.16328125
8 0.41953125 0.4875 0.06640625 0.15859375
22 0.35390625 0.47578125 0.08828125 0.1734375
22 0.28984375 0.4765625 0.07265625 0.178125
19 0.21953125 0.49453125 0.0734375 0.15859375
19 0.16171875 0.4890625 0.084375 0.16171875
22 0.0859375 0.51171875 0.1109375 0.140625