8 0.90859375 0.4078125 0.096875 0.4484375
9 0.8359375 0.40546875 0.09140625 0.45390625
0 0.765625 0.40546875 0.08828125 0.45390625
8 0.696875 0.390625 0.0828125 0.43671875
18 0.63125 0.39375 0.07578125 0.43125
26 0.56328125 0.38203125 0.071875 0.41953125
27 0.4984375 0.359375 0.06796875 0.465625
31 0.4296875 0.33046875 0.065625 0.45390625
32 0.365625 0.32734375 0.06875 0.4484375
29 0.3 0.31328125 0.075 0.45390625
33 0.234375 0.3015625 0.075 0.43125
28 0.16796875 0.3015625 0.08359375 0.43125
30 0.10234375 0.3046875 0.0859375 0.4140625