1 0.921875 0.815625 0.09140625 0.1765625
1 0.8515625 0.80703125 0.0859375 0.175
1 0.784375 0.81328125 0.0765625 0.184375
1 0.71171875 0.790625 0.07109375 0.18125
2 0.64296875 0.771875 0.07265625 0.178125
2 0.571875 0.76484375 0.06640625 0.18125
2 0.5015625 0.7578125 0.07109375 0.1796875
2 0.43203125 0.7359375 0.07265625 0.1765625
3 0.36171875 0.73515625 0.078125 0.184375
5 0.28984375 0.72890625 0.08203125 0.1859375
5 0.21796875 0.71953125 0.08984375 0.1828125
5 0.1484375 0.7125 0.09375 0.18125
28 0.0765625 0.70390625 0.09921875 0.1859375
22 0.6265625 0.38828125 0.06875 0.1296875
19 0.56796875 0.37890625 0.06328125 0.1234375
21 0.63515625 0.26015625 0.0671875 0.1171875
30 0.5765625 0.24375 0.065625 0.11875
33 0.52421875 0.2578125 0.06640625 0.125
30 0.46171875 0.27578125 0.05859375 0.125
24 0.40546875 0.23828125 0.059375 0.1171875
3 0.3390625 0.2265625 0.0828125 0.09140625
0 0.35390625 0.13359375 0.0609375 0.10703125
33 0.41015625 0.12421875 0.0578125 0.09765625
27 0.4640625 0.1359375 0.053125 0.09921875
20 0.51953125 0.13984375 0.05390625 0.09453125
32 0.571875 0.13203125 0.05390625 0.10078125
18 0.62578125 0.1515625 0.06171875 0.10078125