9 0.89921875 0.73359375 0.10234375 0.1515625
9 0.8265625 0.72578125 0.09609375 0.15
9 0.75859375 0.70546875 0.0953125 0.153125
16 0.68125 0.71328125 0.08671875 0.15
16 0.6140625 0.69375 0.08671875 0.1515625
16 0.54609375 0.68125 0.0828125 0.146875
2 0.4796875 0.6578125 0.07421875 0.15
2 0.41484375 0.63984375 0.0703125 0.14296875
25 0.35 0.6078125 0.06953125 0.1546875
25 0.28203125 0.60234375 0.06484375 0.1515625
25 0.21640625 0.56875 0.06796875 0.15625
13 0.14921875 0.52265625 0.06484375 0.15625
13 0.07890625 0.5359375 0.0734375 0.14140625
13 0.21640625 0.25625 0.08359375 0.20078125