10 0.05859375 0.64765625 0.0890625 0.26796875
10 0.13203125 0.65859375 0.0828125 0.26328125
10 0.20859375 0.60859375 0.07578125 0.265625
11 0.28203125 0.6375 0.075 0.25703125
11 0.35 0.64921875 0.07734375 0.27265625
11 0.42265625 0.66640625 0.08203125 0.2921875
12 0.4953125 0.70546875 0.0765625 0.2546875
12 0.56640625 0.67734375 0.07109375 0.2703125
15 0.640625 0.6359375 0.07421875 0.26328125
15 0.7140625 0.6484375 0.08046875 0.25703125
17 0.78828125 0.65859375 0.07890625 0.27265625
17 0.8578125 0.64296875 0.08828125 0.2765625
17 0.93515625 0.66484375 0.08203125 0.28125
11 0.71484375 0.13515625 0.0734375 0.234375
12 0.5296875 0.22734375 0.07265625 0.23203125