32 0.91796875 0.42265625 0.07734375 0.22109375
32 0.8609375 0.42421875 0.06796875 0.2125
32 0.80703125 0.43125 0.0671875 0.22109375
29 0.7515625 0.42578125 0.06640625 0.22109375
29 0.69375 0.42578125 0.0640625 0.215625
2 0.63671875 0.4265625 0.05859375 0.21796875
3 0.58203125 0.428125 0.06015625 0.215625
4 0.525 0.4296875 0.05546875 0.2234375
31 0.46796875 0.428125 0.05703125 0.215625
31 0.41171875 0.43125 0.05859375 0.215625
31 0.3546875 0.4296875 0.0671875 0.21796875
27 0.296875 0.4296875 0.06328125 0.2125
27 0.24140625 0.43359375 0.06953125 0.22109375
29 0.17265625 0.4640625 0.09140625 0.16015625