17 0.075 0.32734375 0.08359375 0.43203125
9 0.1453125 0.3515625 0.0828125 0.43203125
30 0.21328125 0.33984375 0.0859375 0.42734375
31 0.27734375 0.3546875 0.07109375 0.359375
27 0.34765625 0.359375 0.071875 0.4171875
29 0.40625 0.36171875 0.06640625 0.4125
28 0.47265625 0.34453125 0.06328125 0.42734375
33 0.53671875 0.3765625 0.06796875 0.509375
0 0.60078125 0.38359375 0.06484375 0.45625
8 0.66796875 0.403125 0.06796875 0.45625
18 0.728125 0.3984375 0.075 0.5046875
26 0.79140625 0.38359375 0.0796875 0.46640625
26 0.85625 0.403125 0.0828125 0.51484375
32 0.93359375 0.39296875 0.09453125 0.33046875