20 0.22421875 0.8875 0.18671875 0.109375
0 0.409375 0.878125 0.184375 0.11171875
16 0.409375 0.775 0.178125 0.1
2 0.58828125 0.86640625 0.1765625 0.10625
0 0.7546875 0.86171875 0.16484375 0.10390625
13 0.7546875 0.765625 0.16484375 0.10078125
21 0.584375 0.775 0.17265625 0.09921875
18 0.409375 0.675 0.18046875 0.10390625
2 0.75703125 0.67109375 0.16953125 0.10078125
21 0.590625 0.6734375 0.16796875 0.10390625
10 0.59140625 0.5734375 0.1765625 0.0984375
20 0.59375 0.4765625 0.17421875 0.1046875
31 0.59140625 0.378125 0.17578125 0.10390625
6 0.5875 0.28046875 0.1765625 0.10390625
19 0.5890625 0.17890625 0.18046875 0.11015625
23 0.5890625 0.07890625 0.1765625 0.11015625
29 0.75703125 0.57265625 0.16796875 0.09921875
21 0.76328125 0.47578125 0.16953125 0.1
23 0.76015625 0.378125 0.1703125 0.1015625
24 0.7609375 0.28203125 0.1671875 0.1015625
27 0.75703125 0.18359375 0.1703125 0.1015625
17 0.75859375 0.08515625 0.16484375 0.1046875
32 0.4109375 0.57421875 0.1859375 0.10703125
3 0.41328125 0.47265625 0.18046875 0.10390625
26 0.41875 0.37421875 0.18046875 0.103125
18 0.41328125 0.26796875 0.1765625 0.1046875
16 0.41328125 0.16953125 0.175 0.10859375
19 0.41328125 0.06796875 0.184375 0.11015625