29 0.20703125 0.08671875 0.14140625 0.08359375
29 0.20546875 0.165625 0.146875 0.08203125
29 0.20390625 0.24375 0.140625 0.08046875
29 0.20234375 0.31953125 0.14609375 0.08046875
12 0.2 0.396875 0.14140625 0.08359375
12 0.1984375 0.475 0.14140625 0.0828125
12 0.19453125 0.5515625 0.14140625 0.08359375
12 0.1953125 0.63046875 0.14140625 0.08359375
33 0.34296875 0.325 0.1390625 0.078125
33 0.34140625 0.2484375 0.1390625 0.078125
33 0.346875 0.16953125 0.13984375 0.078125
33 0.34609375 0.09296875 0.13984375 0.078125
28 0.48046875 0.1015625 0.13984375 0.078125
28 0.48203125 0.17578125 0.13984375 0.078125
28 0.48359375 0.25078125 0.1390625 0.078125
28 0.478125 0.3296875 0.1390625 0.078125
30 0.61328125 0.33359375 0.13125 0.078125
30 0.61484375 0.25546875 0.13125 0.078125
30 0.61484375 0.18046875 0.1296875 0.078125
30 0.61640625 0.10859375 0.1296875 0.078125
13 0.34453125 0.40234375 0.1390625 0.07890625
13 0.3390625 0.4765625 0.1390625 0.07890625
13 0.34140625 0.55546875 0.13828125 0.07890625
13 0.33671875 0.6328125 0.1390625 0.078125
14 0.48125 0.40390625 0.1390625 0.07890625
14 0.47890625 0.48125 0.13828125 0.078125
14 0.478125 0.55703125 0.13828125 0.078125
14 0.47578125 0.63359375 0.1390625 0.078125
15 0.6140625 0.40859375 0.1328125 0.0796875
15 0.61328125 0.48203125 0.1328125 0.0796875
15 0.6125 0.5578125 0.1328125 0.0796875
15 0.61171875 0.63046875 0.13359375 0.07890625
16 0.74765625 0.409375 0.13125 0.075
16 0.7421875 0.4828125 0.13125 0.075
16 0.7421875 0.559375 0.13125 0.075
16 0.74375 0.634375 0.13125 0.075
17 0.87109375 0.6296875 0.1234375 0.07421875
17 0.86953125 0.55703125 0.1234375 0.07421875
17 0.87578125 0.4828125 0.1234375 0.07421875
17 0.8859375 0.40625 0.13125 0.0890625
3 0.19140625 0.709375 0.14375 0.07578125
3 0.19296875 0.78984375 0.14453125 0.07578125
3 0.19140625 0.865625 0.14453125 0.07578125
3 0.190625 0.94375 0.14375 0.0765625
4 0.33671875 0.70859375 0.14453125 0.0765625
4 0.3296875 0.7859375 0.14453125 0.07578125
4 0.3328125 0.86484375 0.14375 0.0765625
4 0.33203125 0.94296875 0.14453125 0.0765625
5 0.475 0.70859375 0.13515625 0.078125
5 0.4703125 0.78515625 0.134375 0.078125
5 0.46875 0.8609375 0.134375 0.078125
5 0.46953125 0.93984375 0.134375 0.078125
6 0.60859375 0.709375 0.13515625 0.078125
6 0.60625 0.78515625 0.13515625 0.078125
6 0.60390625 0.85859375 0.13515625 0.078125
6 0.60625 0.93515625 0.134375 0.078125
7 0.7359375 0.7046875 0.13515625 0.078125
7 0.7359375 0.7796875 0.13515625 0.078125
7 0.73671875 0.85546875 0.13515625 0.078125
7 0.73671875 0.9296875 0.13515625 0.078125
8 0.8671875 0.703125 0.1265625 0.07265625
8 0.86875 0.77734375 0.12734375 0.07265625
8 0.86484375 0.85078125 0.12734375 0.07265625
8 0.865625 0.9265625 0.1265625 0.07265625