20 0.5140625 0.0640625 0.6265625 0.0828125
20 0.4859375 0.18046875 0.5578125 0.07890625
20 0.46015625 0.2515625 0.59765625 0.0640625
16 0.4828125 0.31015625 0.68984375 0.0703125
16 0.46875 0.37421875 0.67265625 0.06328125
9 0.465625 0.4390625 0.64375 0.0671875
9 0.46875 0.503125 0.6265625 0.06171875
9 0.43984375 0.5625 0.67265625 0.06875
10 0.4484375 0.6296875 0.63203125 0.0640625
10 0.43671875 0.68984375 0.66640625 0.07265625
10 0.43359375 0.7546875 0.6265625 0.06875
8 0.428125 0.8171875 0.68359375 0.0703125
8 0.41953125 0.87734375 0.609375 0.07421875
8 0.43359375 0.93828125 0.68359375 0.0875