1 0.25703125 0.18984375 0.1578125 0.09375
28 0.26015625 0.2765625 0.16171875 0.09140625
5 0.265625 0.3609375 0.15625 0.08984375
5 0.259375 0.44453125 0.159375 0.09140625
9 0.25859375 0.53046875 0.15234375 0.0875
19 0.25625 0.61640625 0.159375 0.08515625
18 0.25859375 0.70078125 0.1578125 0.08671875
28 0.25703125 0.78359375 0.153125 0.08359375
1 0.25390625 0.86640625 0.1546875 0.08359375
14 0.409375 0.2015625 0.15234375 0.09140625
3 0.415625 0.2828125 0.1546875 0.0875
3 0.41484375 0.36875 0.14765625 0.090625
18 0.409375 0.45078125 0.15234375 0.08828125
5 0.40625 0.53359375 0.14765625 0.08515625
26 0.409375 0.61640625 0.146875 0.084375
29 0.40859375 0.7 0.14765625 0.0859375
17 0.4078125 0.7828125 0.15078125 0.084375
8 0.40546875 0.86328125 0.1515625 0.08359375
24 0.565625 0.20234375 0.14765625 0.09140625
5 0.56328125 0.2875 0.14765625 0.0859375
13 0.55859375 0.37265625 0.14765625 0.08828125
20 0.5578125 0.4515625 0.14609375 0.08828125
27 0.553125 0.5359375 0.14765625 0.0875
17 0.55625 0.61875 0.15234375 0.090625
22 0.553125 0.7015625 0.1609375 0.0859375
9 0.5546875 0.7828125 0.146875 0.08359375
7 0.5515625 0.865625 0.15 0.0828125
4 0.71015625 0.2109375 0.14375 0.08359375
29 0.70546875 0.29375 0.1453125 0.08671875
26 0.7046875 0.3734375 0.14140625 0.0859375
21 0.7 0.4546875 0.13984375 0.084375
24 0.69375 0.5375 0.140625 0.08515625
8 0.6953125 0.61875 0.13828125 0.08359375
20 0.696875 0.69921875 0.140625 0.0875
32 0.696875 0.78125 0.14375 0.0859375
22 0.69453125 0.859375 0.1453125 0.078125