5 0.22890625 0.92890625 0.1296875 0.06953125
7 0.234375 0.8484375 0.13359375 0.06953125
26 0.23984375 0.77890625 0.1328125 0.0671875
8 0.23984375 0.715625 0.1296875 0.0578125
19 0.25078125 0.64609375 0.134375 0.05234375
28 0.24765625 0.58046875 0.13125 0.0578125
3 0.2453125 0.51171875 0.13203125 0.05546875
29 0.2546875 0.44453125 0.13203125 0.053125
21 0.24921875 0.3859375 0.140625 0.0546875
19 0.259375 0.3140625 0.14765625 0.06015625
3 0.25859375 0.25390625 0.1234375 0.04765625
18 0.2625 0.19453125 0.12578125 0.05546875
32 0.26484375 0.12578125 0.1234375 0.0578125
2 0.42265625 0.909375 0.1328125 0.06171875
33 0.4078125 0.69921875 0.12109375 0.0609375
30 0.42421875 0.5671875 0.12421875 0.05234375
1 0.4171875 0.4984375 0.11796875 0.05234375
26 0.4203125 0.43515625 0.1171875 0.053125
25 0.4453125 0.36953125 0.12109375 0.0484375
28 0.4625 0.3078125 0.12734375 0.05234375
18 0.4796875 0.24453125 0.121875 0.05390625
30 0.48359375 0.184375 0.128125 0.0484375
27 0.4953125 0.05625 0.11875 0.053125
0 0.69921875 0.08203125 0.11015625 0.05859375
20 0.66640625 0.20390625 0.121875 0.0515625
23 0.6796875 0.26640625 0.12265625 0.05859375
6 0.65859375 0.59765625 0.121875 0.0578125
30 0.64609375 0.52890625 0.11640625 0.0609375
8 0.66328125 0.390625 0.12421875 0.06171875
21 0.68671875 0.934375 0.1328125 0.0734375
31 0.89453125 0.9515625 0.128125 0.07890625
22 0.87890625 0.878125 0.13515625 0.0734375
20 0.87734375 0.8140625 0.1328125 0.06015625
22 0.8953125 0.7421875 0.128125 0.0640625
33 0.8765625 0.61171875 0.12265625 0.0734375
4 0.884375 0.546875 0.1234375 0.06484375
29 0.8703125 0.48046875 0.12265625 0.0625
20 0.87109375 0.353125 0.1265625 0.05625
25 0.89140625 0.1015625 0.12421875 0.06015625
15 0.421875 0.84296875 0.12734375 0.05390625
14 0.4296875 0.76640625 0.13984375 0.0578125
15 0.41484375 0.63125 0.1328125 0.046875
10 0.49375 0.11953125 0.121875 0.04609375
15 0.69375 0.1484375 0.12890625 0.06875
10 0.64140625 0.3359375 0.146875 0.0609375
12 0.64453125 0.46328125 0.1390625 0.0671875
9 0.6546875 0.66640625 0.1203125 0.06796875
14 0.6578125 0.734375 0.13203125 0.0734375
11 0.6796875 0.8 0.14453125 0.06015625
14 0.70859375 0.86875 0.15 0.05859375
17 0.87421875 0.67578125 0.14453125 0.06484375
10 0.8609375 0.41953125 0.14296875 0.065625
14 0.8734375 0.29375 0.1359375 0.0578125
16 0.87421875 0.2296875 0.134375 0.059375
11 0.878125 0.16953125 0.13203125 0.05