9 0.8453125 0.1109375 0.0671875 0.08046875
17 0.7796875 0.11875 0.06484375 0.07890625
18 0.715625 0.12265625 0.0671875 0.0796875
26 0.6515625 0.12578125 0.07421875 0.078125
26 0.5875 0.1328125 0.06796875 0.07578125
0 0.525 0.140625 0.07109375 0.078125
8 0.4609375 0.14375 0.07109375 0.0765625
27 0.403125 0.15625 0.07578125 0.07890625
31 0.33671875 0.15390625 0.07265625 0.07734375
29 0.2734375 0.15703125 0.06796875 0.07578125
33 0.2125 0.15859375 0.07890625 0.0765625
30 0.08984375 0.16015625 0.07265625 0.06953125
28 0.1515625 0.1578125 0.07890625 0.0796875