18 0.16328125 0.16875 0.1515625 0.08828125
18 0.16171875 0.246875 0.15234375 0.0828125
18 0.16796875 0.32265625 0.146875 0.0828125
18 0.16953125 0.40078125 0.146875 0.08125
0 0.1640625 0.47734375 0.15546875 0.08046875
0 0.1640625 0.553125 0.1546875 0.08046875
0 0.159375 0.6296875 0.1546875 0.08046875
0 0.159375 0.709375 0.1546875 0.08046875
9 0.153125 0.78515625 0.1546875 0.0796875
9 0.1546875 0.86328125 0.15546875 0.08046875
9 0.153125 0.93984375 0.15546875 0.08046875
19 0.30390625 0.1796875 0.15546875 0.0796875
19 0.3015625 0.25234375 0.1546875 0.08046875
19 0.31015625 0.33203125 0.15546875 0.08046875
19 0.303125 0.40703125 0.1546875 0.08046875
1 0.31171875 0.48203125 0.15546875 0.0796875
1 0.30859375 0.55546875 0.1546875 0.0796875
1 0.3015625 0.63359375 0.1546875 0.08046875
1 0.3 0.70859375 0.15546875 0.08046875
10 0.296875 0.7859375 0.15546875 0.08046875
10 0.29453125 0.85703125 0.15546875 0.08046875
10 0.2984375 0.93671875 0.1546875 0.0796875
20 0.44296875 0.1875 0.13203125 0.07265625
20 0.43984375 0.2625 0.13203125 0.07265625
20 0.4421875 0.33828125 0.13203125 0.0734375
20 0.44375 0.409375 0.13203125 0.07265625
2 0.440625 0.48203125 0.13203125 0.07265625
2 0.43828125 0.55546875 0.1328125 0.07265625
2 0.4421875 0.62890625 0.13203125 0.07265625
2 0.4375 0.70546875 0.1328125 0.0734375
11 0.4375 0.78046875 0.1328125 0.07265625
11 0.4359375 0.85234375 0.13203125 0.07265625
11 0.43359375 0.93203125 0.13203125 0.0734375
21 0.5703125 0.19375 0.13203125 0.07265625
21 0.56640625 0.26484375 0.13203125 0.0734375
21 0.57421875 0.340625 0.13203125 0.07265625
21 0.571875 0.41328125 0.13203125 0.07265625
3 0.56796875 0.48828125 0.13203125 0.0734375
3 0.56484375 0.55859375 0.13203125 0.07265625
3 0.56953125 0.63125 0.13203125 0.07265625
3 0.56796875 0.703125 0.1328125 0.0734375
12 0.56875 0.77734375 0.13203125 0.07265625
12 0.56484375 0.84609375 0.13203125 0.07265625
12 0.56484375 0.921875 0.13203125 0.07265625
22 0.69296875 0.20234375 0.13203125 0.07265625
22 0.696875 0.275 0.13203125 0.0734375
22 0.69609375 0.3453125 0.13203125 0.0734375
22 0.69921875 0.41640625 0.1328125 0.07265625
4 0.69453125 0.48984375 0.1328125 0.07265625
4 0.6953125 0.559375 0.13203125 0.07265625
4 0.69609375 0.628125 0.1328125 0.07265625
4 0.6953125 0.703125 0.13203125 0.0734375
13 0.68984375 0.77421875 0.13203125 0.0734375
13 0.6921875 0.8453125 0.13203125 0.0734375
13 0.69296875 0.91875 0.13203125 0.07265625
23 0.81640625 0.2109375 0.115625 0.0671875
23 0.81640625 0.28046875 0.11640625 0.06796875
23 0.821875 0.35078125 0.11640625 0.06796875
23 0.81796875 0.4203125 0.115625 0.06796875
5 0.81875 0.4875 0.115625 0.06796875
5 0.81796875 0.55859375 0.11640625 0.06796875
5 0.815625 0.6296875 0.115625 0.06796875
5 0.81484375 0.69921875 0.11640625 0.06796875
14 0.81328125 0.76484375 0.11640625 0.06796875
14 0.81484375 0.8359375 0.11640625 0.06796875
14 0.81328125 0.909375 0.11640625 0.0671875
24 0.93046875 0.21953125 0.1171875 0.06796875
24 0.9296875 0.28359375 0.11640625 0.06796875
24 0.93203125 0.35390625 0.1171875 0.0671875
24 0.93046875 0.421875 0.1171875 0.0671875
6 0.93203125 0.48984375 0.1171875 0.06796875
6 0.93125 0.56171875 0.1171875 0.06796875
6 0.93359375 0.6296875 0.1171875 0.06796875
6 0.925 0.696875 0.1171875 0.0671875
15 0.9265625 0.76796875 0.11640625 0.0671875
15 0.93125 0.83359375 0.1171875 0.0671875
15 0.92890625 0.90546875 0.1171875 0.06796875