9 0.13125 0.9296875 0.1546875 0.08359375
9 0.1328125 0.8484375 0.1515625 0.08359375
9 0.1328125 0.76640625 0.1515625 0.08359375
0 0.13359375 0.68671875 0.1515625 0.08359375
0 0.1359375 0.60625 0.15234375 0.08359375
0 0.134375 0.525 0.1515625 0.08359375
0 0.1390625 0.446875 0.1515625 0.08359375
18 0.13984375 0.36796875 0.1515625 0.08359375
18 0.1390625 0.290625 0.1515625 0.08359375
18 0.13671875 0.2109375 0.15234375 0.08359375
18 0.1359375 0.13203125 0.1515625 0.08359375
10 0.27890625 0.92265625 0.14453125 0.08828125
10 0.28046875 0.8421875 0.14453125 0.08828125
10 0.2796875 0.76484375 0.14453125 0.08828125
1 0.2796875 0.6875 0.14453125 0.08828125
1 0.2796875 0.60859375 0.14453125 0.08828125
1 0.28125 0.52734375 0.1453125 0.08828125
1 0.28359375 0.4515625 0.14453125 0.08828125
19 0.28515625 0.3734375 0.14453125 0.08828125
19 0.28671875 0.29453125 0.14375 0.078125
19 0.2859375 0.21875 0.14375 0.078125
19 0.2859375 0.13984375 0.14375 0.07890625
20 0.4265625 0.3765625 0.134375 0.07578125
20 0.42578125 0.29921875 0.134375 0.0765625
20 0.42578125 0.2234375 0.134375 0.0765625
20 0.42578125 0.146875 0.134375 0.07578125
2 0.4203125 0.68359375 0.14296875 0.08359375
2 0.42265625 0.60546875 0.14140625 0.0828125
2 0.4265625 0.528125 0.14296875 0.0828125
2 0.42578125 0.45234375 0.14296875 0.08359375
11 0.4234375 0.7609375 0.14296875 0.0828125
11 0.41953125 0.840625 0.14140625 0.07421875
11 0.41640625 0.91875 0.14296875 0.07421875
12 0.559375 0.9125 0.1359375 0.08203125
12 0.55859375 0.83515625 0.1359375 0.08203125
12 0.5609375 0.75703125 0.1359375 0.08125
3 0.55859375 0.68125 0.1359375 0.08046875
3 0.55859375 0.603125 0.1359375 0.08046875
3 0.5609375 0.528125 0.1359375 0.08125
3 0.55703125 0.45078125 0.1375 0.08046875
21 0.55859375 0.378125 0.1359375 0.07421875
21 0.5609375 0.30390625 0.1359375 0.07421875
21 0.56171875 0.2296875 0.13515625 0.07421875
21 0.559375 0.15390625 0.1359375 0.07421875
4 0.6890625 0.60390625 0.13125 0.07578125
4 0.690625 0.52890625 0.13125 0.07578125
4 0.6890625 0.4546875 0.13125 0.0765625
4 0.690625 0.68203125 0.13203125 0.0765625
13 0.69140625 0.7546875 0.1296875 0.0734375
13 0.68828125 0.82890625 0.1296875 0.07265625
13 0.690625 0.90390625 0.1296875 0.07265625
22 0.69140625 0.38125 0.1265625 0.0734375
22 0.69296875 0.30625 0.12734375 0.0734375
22 0.68984375 0.23125 0.1265625 0.0734375
22 0.68984375 0.1578125 0.12734375 0.0734375
14 0.8203125 0.75078125 0.1265625 0.0734375
14 0.8203125 0.82578125 0.12734375 0.0734375
14 0.82109375 0.9 0.1265625 0.0734375
5 0.8203125 0.6765625 0.1234375 0.0734375
5 0.81875 0.6015625 0.12421875 0.0734375
5 0.81796875 0.5296875 0.12421875 0.0734375
5 0.81875 0.45390625 0.12421875 0.0734375
23 0.81796875 0.38203125 0.1296875 0.0734375
23 0.8171875 0.31015625 0.13125 0.0734375
23 0.81796875 0.23671875 0.1296875 0.0734375
23 0.81640625 0.1640625 0.13125 0.0734375
15 0.94140625 0.8921875 0.115625 0.0703125
15 0.94140625 0.81796875 0.115625 0.0703125
15 0.940625 0.74296875 0.115625 0.06953125
6 0.940625 0.6734375 0.115625 0.06953125
6 0.94140625 0.6015625 0.115625 0.0703125
6 0.94140625 0.528125 0.115625 0.0703125
6 0.94140625 0.4578125 0.115625 0.0703125
24 0.94140625 0.38203125 0.115625 0.0703125
24 0.94140625 0.31328125 0.115625 0.06953125
24 0.93828125 0.2421875 0.115625 0.0703125
24 0.93828125 0.16875 0.115625 0.0703125