32 0.246875 0.26875 0.0640625 0.0390625
5 0.3171875 0.2921875 0.06875 0.084375
5 0.3828125 0.290625 0.0625 0.0875
5 0.45 0.2921875 0.0640625 0.0859375
5 0.51875 0.2890625 0.065625 0.0859375
12 0.5859375 0.2875 0.0640625 0.0875
12 0.6546875 0.2875 0.0671875 0.0859375
12 0.721875 0.2875 0.0609375 0.0859375
12 0.7890625 0.2859375 0.065625 0.0828125
23 0.2625 0.5078125 0.0625 0.0859375
23 0.3296875 0.50625 0.06875 0.084375
20 0.4 0.50625 0.06875 0.0875
22 0.46875 0.5015625 0.0625 0.0859375
21 0.534375 0.5015625 0.065625 0.0859375
6 0.603125 0.5 0.0640625 0.0875
7 0.6734375 0.4984375 0.0671875 0.0875
8 0.765625 0.50625 0.0875 0.0859375