18 0.0703125 0.371875 0.059375 0.06875
18 0.1265625 0.3828125 0.0578125 0.071875
18 0.1875 0.3984375 0.0625 0.075
22 0.2734375 0.4171875 0.0640625 0.0734375
22 0.3328125 0.4328125 0.0625 0.071875
22 0.3921875 0.446875 0.0609375 0.078125
26 0.46875 0.46875 0.0625 0.0765625
26 0.5296875 0.4796875 0.0609375 0.075
26 0.5875 0.49375 0.0578125 0.0765625
25 0.6671875 0.5140625 0.0609375 0.078125
25 0.7296875 0.528125 0.0609375 0.078125
25 0.7921875 0.5421875 0.059375 0.084375
23 0.86875 0.5625 0.0625 0.084375
23 0.9375 0.578125 0.0609375 0.0859375