28 0.0515625 0.675 0.0703125 0.0921875
28 0.125 0.66875 0.06875 0.090625
28 0.1984375 0.65625 0.065625 0.0890625
48 0.2703125 0.65 0.071875 0.0875
48 0.3421875 0.640625 0.06875 0.0875
48 0.4125 0.6296875 0.06875 0.090625
49 0.48125 0.6203125 0.0671875 0.09375
49 0.553125 0.6140625 0.078125 0.09375
49 0.621875 0.603125 0.071875 0.0875
47 0.690625 0.596875 0.0796875 0.0921875
47 0.7578125 0.590625 0.071875 0.090625
47 0.8296875 0.5828125 0.065625 0.08125
46 0.8953125 0.5765625 0.0703125 0.078125
46 0.95625 0.5703125 0.0703125 0.0828125
21 0.3125 0.2421875 0.0546875 0.059375
22 0.384375 0.253125 0.08125 0.05625
22 0.2390625 0.2453125 0.0765625 0.046875
27 0.24375 0.1921875 0.08125 0.046875
28 0.325 0.1921875 0.071875 0.0453125
11 0.4015625 0.2046875 0.0734375 0.059375
11 0.45 0.1828125 0.065625 0.05
3 0.515625 0.190625 0.0546875 0.05625
3 0.5703125 0.1984375 0.05625 0.059375
3 0.6015625 0.146875 0.0671875 0.04375
23 0.4828125 0.1484375 0.078125 0.0390625
11 0.3109375 0.1515625 0.0703125 0.0375