30 0.1875 0.3375 0.071875 0.0390625
18 0.259375 0.3609375 0.0734375 0.0921875
18 0.33125 0.353125 0.06875 0.090625
18 0.4015625 0.346875 0.071875 0.090625
18 0.4765625 0.34375 0.071875 0.09375
14 0.115625 0.5265625 0.071875 0.0921875
14 0.1875 0.525 0.065625 0.096875
21 0.259375 0.525 0.071875 0.0953125
21 0.3328125 0.5234375 0.071875 0.096875
21 0.4078125 0.521875 0.06875 0.0953125
23 0.48125 0.521875 0.071875 0.096875
24 0.55625 0.5203125 0.071875 0.096875
25 0.6296875 0.5171875 0.071875 0.0921875
0 0.7046875 0.515625 0.06875 0.090625
1 0.7796875 0.5140625 0.0734375 0.09375
2 0.8859375 0.4890625 0.0875 0.0953125