46 0.0578125 0.4203125 0.0625 0.078125
46 0.1203125 0.434375 0.0640625 0.078125
46 0.1859375 0.4421875 0.0640625 0.0796875
48 0.2625 0.45625 0.065625 0.0765625
48 0.3265625 0.4671875 0.0609375 0.078125
48 0.3890625 0.478125 0.0625 0.0765625
49 0.4640625 0.4921875 0.0640625 0.078125
49 0.5265625 0.503125 0.0640625 0.0828125
49 0.5921875 0.5125 0.0640625 0.0859375
6 0.671875 0.5296875 0.0609375 0.0875
6 0.7375 0.5421875 0.0640625 0.0875
6 0.803125 0.55625 0.0671875 0.090625
9 0.8890625 0.5703125 0.0703125 0.084375
9 0.95625 0.5796875 0.065625 0.090625