22 0.05625 0.6515625 0.078125 0.09375
22 0.128125 0.64375 0.0671875 0.0859375
22 0.1984375 0.6359375 0.071875 0.084375
11 0.26875 0.628125 0.0671875 0.090625
11 0.340625 0.6203125 0.06875 0.0875
11 0.409375 0.6125 0.06875 0.0921875
3 0.4796875 0.6015625 0.06875 0.0875
3 0.546875 0.5953125 0.06875 0.084375
3 0.6171875 0.5875 0.0734375 0.084375
24 0.68125 0.58125 0.071875 0.084375
24 0.7546875 0.575 0.075 0.0796875
24 0.8203125 0.5703125 0.0703125 0.084375
2 0.8875 0.565625 0.075 0.084375
2 0.953125 0.55625 0.08125 0.08125
25 0.2296875 0.246875 0.08125 0.040625
26 0.296875 0.2390625 0.0640625 0.059375
1 0.246875 0.2875 0.0796875 0.0453125
0 0.428125 0.2515625 0.06875 0.065625
26 0.459375 0.30625 0.0875 0.046875
28 0.509375 0.2671875 0.0609375 0.05625
28 0.5546875 0.225 0.0640625 0.0609375
28 0.603125 0.1921875 0.0625 0.05625
48 0.621875 0.259375 0.08125 0.05
48 0.65625 0.1671875 0.0671875 0.04375
27 0.575 0.1484375 0.06875 0.040625
28 0.50625 0.15625 0.065625 0.0421875
10 0.425 0.1984375 0.065625 0.040625
10 0.325 0.1875 0.0609375 0.053125
21 0.3828125 0.1640625 0.06875 0.046875
1 0.446875 0.1546875 0.05 0.0484375
1 0.2484375 0.1859375 0.075 0.040625
9 0.2375 0.14375 0.075 0.0375
27 0.165625 0.15625 0.059375 0.046875