46 0.509375 0.328125 0.08125 0.0859375
46 0.5875 0.3390625 0.0796875 0.090625
46 0.6671875 0.35 0.08125 0.0875
6 0.0609375 0.4984375 0.0765625 0.1
7 0.1421875 0.509375 0.08125 0.10625
8 0.221875 0.51875 0.0859375 0.103125
18 0.3 0.534375 0.084375 0.10625
19 0.3765625 0.546875 0.090625 0.10625
20 0.4609375 0.5625 0.0921875 0.1109375
20 0.5453125 0.58125 0.09375 0.11875
21 0.6421875 0.596875 0.096875 0.11875
22 0.7375 0.6140625 0.096875 0.1203125
10 0.834375 0.6328125 0.0921875 0.1203125
10 0.9328125 0.65625 0.096875 0.13125