44 0.2875 0.3421875 0.059375 0.0328125
30 0.35 0.340625 0.0578125 0.03125
34 0.409375 0.3375 0.0578125 0.0296875
9 0.1109375 0.5234375 0.05625 0.0765625
9 0.171875 0.521875 0.0578125 0.0734375
9 0.234375 0.5203125 0.0578125 0.075
10 0.296875 0.51875 0.0609375 0.078125
11 0.3578125 0.5171875 0.059375 0.0765625
12 0.41875 0.515625 0.0578125 0.0765625
13 0.4796875 0.5140625 0.0609375 0.0796875
14 0.540625 0.5125 0.0609375 0.0765625
15 0.60625 0.5125 0.059375 0.0765625
16 0.66875 0.5078125 0.0609375 0.075
17 0.73125 0.5078125 0.0625 0.075
17 0.7953125 0.50625 0.059375 0.0796875
17 0.8609375 0.5015625 0.059375 0.0765625
12 0.925 0.5 0.0609375 0.0796875