17 0.65 0.384375 0.08125 0.078125
46 0.0703125 0.5453125 0.0796875 0.09375
48 0.146875 0.5390625 0.06875 0.0890625
49 0.2234375 0.534375 0.075 0.0875
47 0.3 0.5265625 0.071875 0.090625
28 0.3734375 0.51875 0.0703125 0.09375
27 0.4484375 0.5125 0.0734375 0.0890625
29 0.5203125 0.50625 0.0703125 0.0875
9 0.5921875 0.50625 0.08125 0.084375
17 0.665625 0.4984375 0.071875 0.084375
18 0.7390625 0.4953125 0.071875 0.0859375
26 0.809375 0.49375 0.075 0.0859375
0 0.88125 0.4953125 0.075 0.084375
8 0.9515625 0.4921875 0.075 0.0875