46 0.05625 0.3953125 0.059375 0.0734375
46 0.1171875 0.4046875 0.0609375 0.0703125
46 0.1796875 0.4171875 0.0640625 0.0671875
48 0.2515625 0.43125 0.0625 0.071875
48 0.3109375 0.4453125 0.059375 0.0703125
48 0.371875 0.4578125 0.0609375 0.071875
49 0.4453125 0.4765625 0.0625 0.0734375
49 0.5078125 0.4890625 0.0578125 0.0765625
49 0.5703125 0.503125 0.0609375 0.0765625
47 0.6484375 0.521875 0.0625 0.075
47 0.7109375 0.534375 0.0578125 0.0734375
47 0.7734375 0.5484375 0.0625 0.075
9 0.85625 0.56875 0.0625 0.0765625
9 0.9203125 0.5796875 0.0625 0.075