10 0.065625 0.5703125 0.075 0.09375
11 0.14375 0.5578125 0.071875 0.0875
12 0.2234375 0.553125 0.078125 0.090625
18 0.2984375 0.546875 0.0703125 0.090625
19 0.36875 0.5390625 0.065625 0.084375
20 0.4421875 0.5328125 0.071875 0.0859375
6 0.5125 0.5265625 0.071875 0.0828125
7 0.5765625 0.51875 0.0703125 0.0796875
8 0.64375 0.5125 0.06875 0.08125
12 0.7078125 0.50625 0.065625 0.078125
13 0.771875 0.5046875 0.0625 0.078125
14 0.8328125 0.503125 0.0609375 0.0765625
46 0.8953125 0.4984375 0.0625 0.075
46 0.953125 0.4953125 0.065625 0.0765625