28 0.53125 0.3765625 0.071875 0.084375
28 0.6046875 0.3703125 0.071875 0.0828125
28 0.6765625 0.3578125 0.0734375 0.078125
13 0.0859375 0.6609375 0.096875 0.11875
14 0.1875 0.64375 0.096875 0.115625
15 0.2828125 0.625 0.09375 0.1125
18 0.3765625 0.6109375 0.0875 0.1109375
19 0.4625 0.5953125 0.0890625 0.109375
20 0.5484375 0.58125 0.096875 0.10625
20 0.6328125 0.5734375 0.0875 0.10625
21 0.7109375 0.559375 0.084375 0.103125
22 0.7890625 0.54375 0.0875 0.0984375
10 0.8609375 0.5359375 0.078125 0.1
10 0.928125 0.5234375 0.071875 0.090625