14 0.059375 0.68125 0.078125 0.09375
13 0.134375 0.6765625 0.078125 0.0890625
12 0.209375 0.6703125 0.0671875 0.0875
0 0.28125 0.6625 0.0671875 0.0875
1 0.353125 0.653125 0.0703125 0.08125
2 0.4234375 0.65 0.0703125 0.0875
21 0.496875 0.6421875 0.0703125 0.0859375
21 0.5703125 0.6359375 0.06875 0.0890625
28 0.6421875 0.63125 0.0765625 0.0875
28 0.7125 0.625 0.0734375 0.0859375
28 0.7828125 0.6203125 0.0703125 0.0859375
0 0.8546875 0.6171875 0.0734375 0.084375
1 0.9265625 0.6125 0.0703125 0.0796875
2 0.9359375 0.5046875 0.06875 0.075
17 0.78125 0.3703125 0.065625 0.0671875
17 0.7234375 0.31875 0.0734375 0.05
49 0.8546875 0.303125 0.0703125 0.0484375
10 0.8640625 0.2421875 0.053125 0.0546875
3 0.6171875 0.3453125 0.078125 0.05
26 0.5328125 0.3703125 0.071875 0.04375
26 0.6828125 0.2328125 0.053125 0.0515625
9 0.153125 0.36875 0.075 0.059375
9 0.196875 0.30625 0.078125 0.053125
9 0.2671875 0.284375 0.071875 0.05
12 0.371875 0.228125 0.071875 0.05625
4 0.1640625 0.246875 0.0640625 0.0484375
10 0.228125 0.225 0.0625 0.0421875
11 0.2984375 0.1953125 0.0609375 0.046875
48 0.59375 0.2265625 0.046875 0.046875
21 0.534375 0.2046875 0.053125 0.05625
7 0.471875 0.26875 0.06875 0.0484375
48 0.259375 0.39375 0.059375 0.059375
20 0.384375 0.39375 0.0734375 0.053125
49 0.359375 0.3359375 0.059375 0.05625
6 0.434375 0.3234375 0.06875 0.059375
10 0.5140625 0.30625 0.06875 0.053125
8 0.821875 0.1640625 0.0625 0.04375
29 0.9328125 0.159375 0.05 0.04375
20 0.425 0.15625 0.05625 0.0484375
27 0.1953125 0.196875 0.065625 0.040625
10 0.165625 0.159375 0.04375 0.04375
18 0.2609375 0.1671875 0.059375 0.0390625
4 0.2265625 0.1453125 0.0640625 0.034375
4 0.328125 0.1421875 0.05625 0.034375
28 0.3765625 0.1484375 0.05625 0.0390625
24 0.4640625 0.3859375 0.0578125 0.06875
29 0.8640625 0.14375 0.0625 0.0375
26 0.5375 0.1421875 0.046875 0.0328125