9 0.08125 0.49375 0.0609375 0.078125
10 0.14375 0.4953125 0.0609375 0.0796875
11 0.20625 0.4953125 0.0625 0.08125
3 0.2703125 0.49375 0.059375 0.0828125
3 0.33125 0.49375 0.059375 0.0796875
3 0.3953125 0.4921875 0.059375 0.0796875
14 0.45625 0.4890625 0.0609375 0.078125
14 0.5203125 0.4890625 0.059375 0.0828125
14 0.5828125 0.4875 0.0609375 0.0796875
19 0.6484375 0.4859375 0.0625 0.08125
20 0.7125 0.484375 0.0609375 0.0828125
21 0.778125 0.4828125 0.0625 0.08125
46 0.8421875 0.4828125 0.0625 0.0796875
46 0.9078125 0.48125 0.0609375 0.0828125