30 0.2296875 0.3296875 0.0578125 0.028125
48 0.1125 0.4796875 0.0578125 0.075
48 0.1703125 0.48125 0.0546875 0.075
48 0.228125 0.4828125 0.0578125 0.0734375
0 0.2828125 0.48125 0.05625 0.0765625
1 0.3390625 0.48125 0.05625 0.075
2 0.3953125 0.48125 0.0546875 0.0765625
5 0.4515625 0.4828125 0.0546875 0.075
6 0.509375 0.48125 0.0546875 0.0765625
7 0.5671875 0.4828125 0.0546875 0.075
3 0.625 0.4828125 0.0546875 0.075
3 0.68125 0.484375 0.0546875 0.071875
3 0.7390625 0.484375 0.0546875 0.075
4 0.796875 0.4828125 0.0546875 0.0734375
4 0.8546875 0.4828125 0.0578125 0.0703125