30 0.1875 0.3265625 0.053125 0.0265625
32 0.2453125 0.325 0.053125 0.0265625
34 0.3 0.325 0.053125 0.025
36 0.35625 0.321875 0.05625 0.0203125
28 0.1140625 0.496875 0.0515625 0.075
28 0.1703125 0.496875 0.053125 0.0734375
9 0.2265625 0.4953125 0.053125 0.0703125
10 0.2828125 0.49375 0.0515625 0.0703125
11 0.340625 0.4953125 0.0578125 0.0703125
4 0.3953125 0.4953125 0.053125 0.071875
5 0.453125 0.49375 0.05 0.071875
6 0.5109375 0.4921875 0.0546875 0.0703125
23 0.565625 0.49375 0.053125 0.071875
24 0.6234375 0.4921875 0.0578125 0.0734375
25 0.68125 0.4875 0.05625 0.0703125
5 0.740625 0.4875 0.05625 0.0703125
5 0.7984375 0.4859375 0.0578125 0.071875
5 0.8578125 0.4828125 0.0578125 0.071875