28 0.096875 0.4109375 0.096875 0.1125
28 0.196875 0.4015625 0.09375 0.1078125
28 0.3 0.39375 0.096875 0.10625
27 0.39375 0.3828125 0.0875 0.1078125
27 0.4921875 0.3765625 0.0953125 0.109375
27 0.5890625 0.36875 0.0953125 0.103125
29 0.6828125 0.3640625 0.096875 0.103125
29 0.7796875 0.3546875 0.1 0.1
29 0.871875 0.3515625 0.096875 0.103125
37 0.1859375 0.6578125 0.103125 0.146875
39 0.2984375 0.6453125 0.1078125 0.140625
9 0.4125 0.634375 0.109375 0.14375
9 0.5203125 0.6234375 0.103125 0.14375
9 0.6265625 0.6109375 0.1109375 0.1421875
10 0.73125 0.603125 0.1109375 0.1359375
10 0.8359375 0.59375 0.1078125 0.1328125