44 0.1828125 0.33125 0.05625 0.0265625
49 0.0859375 0.4734375 0.05625 0.0765625
49 0.146875 0.4703125 0.05625 0.06875
11 0.2078125 0.4703125 0.0578125 0.075
11 0.2671875 0.471875 0.0578125 0.075
11 0.3265625 0.4703125 0.059375 0.075
8 0.3875 0.4671875 0.059375 0.0765625
8 0.4484375 0.465625 0.0578125 0.0734375
8 0.50625 0.465625 0.05625 0.0765625
0 0.565625 0.4640625 0.0578125 0.075
0 0.628125 0.4625 0.0578125 0.0765625
0 0.690625 0.4609375 0.0609375 0.075
22 0.7515625 0.4609375 0.05625 0.0765625
22 0.8125 0.4609375 0.059375 0.0796875
22 0.871875 0.459375 0.0578125 0.075