46 0.0609375 0.66875 0.0734375 0.09375
46 0.134375 0.6609375 0.06875 0.09375
46 0.209375 0.6484375 0.0703125 0.0890625
48 0.28125 0.6390625 0.0734375 0.090625
48 0.353125 0.63125 0.06875 0.0859375
48 0.4203125 0.621875 0.065625 0.0859375
47 0.4890625 0.6140625 0.06875 0.0859375
47 0.5578125 0.6046875 0.071875 0.0828125
47 0.6234375 0.59375 0.071875 0.090625
49 0.6890625 0.5875 0.071875 0.08125
49 0.759375 0.58125 0.071875 0.084375
21 0.821875 0.5734375 0.06875 0.084375
21 0.8890625 0.5671875 0.065625 0.078125
21 0.9484375 0.5625 0.0640625 0.0796875
9 0.20625 0.2125 0.0734375 0.0375
9 0.1921875 0.175 0.06875 0.0375
9 0.2515625 0.14375 0.065625 0.0375
4 0.1203125 0.1609375 0.08125 0.04375
26 0.5125 0.1484375 0.0625 0.0453125