9 0.046875 0.3515625 0.0640625 0.08125
10 0.1109375 0.3625 0.0625 0.08125
11 0.171875 0.375 0.065625 0.0796875
12 0.2484375 0.39375 0.065625 0.078125
13 0.3109375 0.40625 0.065625 0.0765625
14 0.375 0.4203125 0.0671875 0.0765625
15 0.4421875 0.4359375 0.065625 0.078125
16 0.503125 0.4515625 0.0625 0.078125
17 0.5703125 0.46875 0.065625 0.078125
27 0.6515625 0.4875 0.0609375 0.084375
27 0.715625 0.5046875 0.0625 0.0828125
27 0.784375 0.51875 0.0640625 0.08125
10 0.878125 0.5484375 0.06875 0.0859375
10 0.94375 0.5671875 0.065625 0.0828125