30 0.1703125 0.284375 0.065625 0.034375
21 0.2328125 0.3078125 0.0640625 0.0765625
21 0.2984375 0.3078125 0.0609375 0.0796875
21 0.3609375 0.30625 0.0640625 0.0765625
28 0.1515625 0.45 0.065625 0.0796875
28 0.21875 0.4484375 0.0625 0.08125
18 0.2828125 0.446875 0.0625 0.08125
18 0.346875 0.4453125 0.0609375 0.0828125
18 0.4125 0.446875 0.0625 0.0796875
25 0.478125 0.446875 0.0640625 0.0828125
25 0.5421875 0.446875 0.0625 0.0828125
25 0.609375 0.446875 0.0640625 0.0828125
22 0.675 0.446875 0.0609375 0.0828125
22 0.7421875 0.4453125 0.065625 0.084375
22 0.8265625 0.446875 0.075 0.0828125