14 0.5421875 0.278125 0.05 0.046875
9 0.165625 0.690625 0.0703125 0.090625
10 0.2359375 0.6734375 0.0703125 0.084375
11 0.3078125 0.6578125 0.0703125 0.084375
5 0.378125 0.6390625 0.0703125 0.0875
6 0.446875 0.621875 0.075 0.0828125
7 0.5125 0.603125 0.071875 0.075
19 0.5765625 0.5875 0.078125 0.0796875
20 0.6359375 0.5703125 0.06875 0.0703125
21 0.7046875 0.5578125 0.06875 0.0703125
5 0.765625 0.546875 0.06875 0.075
5 0.825 0.53125 0.071875 0.0703125
15 0.88125 0.51875 0.065625 0.06875
13 0.9375 0.5078125 0.065625 0.0671875