11 0.5484375 0.4171875 0.0796875 0.084375
9 0.065625 0.6203125 0.0765625 0.0984375
9 0.140625 0.6125 0.071875 0.09375
9 0.215625 0.6015625 0.075 0.0984375
10 0.2921875 0.590625 0.0765625 0.0921875
11 0.3671875 0.5828125 0.0703125 0.0921875
12 0.440625 0.575 0.0734375 0.09375
13 0.5140625 0.565625 0.0765625 0.096875
14 0.5875 0.55625 0.075 0.09375
15 0.659375 0.5484375 0.0734375 0.0875
16 0.7328125 0.5421875 0.075 0.0953125
17 0.8015625 0.534375 0.0765625 0.0921875
17 0.871875 0.525 0.075 0.0875
17 0.9390625 0.5171875 0.075 0.0921875