34 0.1640625 0.3203125 0.05625 0.028125
44 0.225 0.3203125 0.05625 0.0296875
46 0.109375 0.5046875 0.0609375 0.0765625
46 0.16875 0.5046875 0.0546875 0.0765625
46 0.23125 0.5015625 0.059375 0.075
48 0.2890625 0.5015625 0.053125 0.075
48 0.353125 0.5 0.0578125 0.075
48 0.4140625 0.496875 0.059375 0.0765625
49 0.475 0.496875 0.0578125 0.075
49 0.5359375 0.49375 0.0578125 0.0765625
49 0.596875 0.4921875 0.0609375 0.0765625
47 0.65625 0.4921875 0.0578125 0.0734375
47 0.71875 0.49375 0.0625 0.0765625
47 0.7828125 0.490625 0.065625 0.0765625
25 0.846875 0.490625 0.059375 0.075
25 0.9109375 0.490625 0.0625 0.08125