40 0.2 0.3203125 0.0640625 0.034375
49 0.0984375 0.490625 0.0609375 0.0765625
49 0.1609375 0.490625 0.0609375 0.0796875
19 0.2234375 0.490625 0.0578125 0.0765625
20 0.2859375 0.4875 0.0625 0.0828125
21 0.3484375 0.4859375 0.059375 0.0765625
48 0.409375 0.484375 0.059375 0.078125
48 0.471875 0.4859375 0.059375 0.0765625
48 0.5359375 0.484375 0.0609375 0.0796875
47 0.5984375 0.4828125 0.059375 0.075
47 0.659375 0.4828125 0.0609375 0.0765625
47 0.7203125 0.48125 0.059375 0.0796875
46 0.7859375 0.48125 0.0609375 0.078125
46 0.8484375 0.4828125 0.0625 0.0796875
46 0.9109375 0.4828125 0.0578125 0.0734375