30 0.184375 0.3078125 0.059375 0.03125
24 0.096875 0.48125 0.0609375 0.0796875
24 0.15625 0.48125 0.05625 0.0796875
24 0.2171875 0.48125 0.0609375 0.0765625
25 0.28125 0.4796875 0.0609375 0.0796875
25 0.34375 0.478125 0.0625 0.08125
25 0.4046875 0.4765625 0.0578125 0.0796875
22 0.4671875 0.4765625 0.0625 0.0796875
22 0.5296875 0.475 0.0609375 0.078125
22 0.5921875 0.475 0.0609375 0.0765625
14 0.6546875 0.4734375 0.0625 0.078125
14 0.7203125 0.4734375 0.0609375 0.0765625
14 0.7828125 0.471875 0.0578125 0.0796875
4 0.846875 0.471875 0.059375 0.0796875
4 0.909375 0.46875 0.0625 0.08125