30 0.2453125 0.2796875 0.0640625 0.034375
27 0.315625 0.3046875 0.06875 0.090625
27 0.3859375 0.3 0.0671875 0.0875
27 0.4578125 0.2984375 0.06875 0.0875
14 0.1578125 0.4625 0.06875 0.090625
14 0.228125 0.4609375 0.06875 0.090625
24 0.2984375 0.459375 0.0671875 0.0890625
25 0.371875 0.459375 0.06875 0.09375
26 0.44375 0.4578125 0.06875 0.0875
23 0.5171875 0.45625 0.0703125 0.0921875
24 0.590625 0.4546875 0.0734375 0.0921875
25 0.6640625 0.4546875 0.06875 0.0890625
6 0.7359375 0.4515625 0.071875 0.090625
7 0.809375 0.45 0.071875 0.0875
8 0.884375 0.446875 0.0703125 0.090625