31 0.2609375 0.3890625 0.0625 0.0734375
33 0.325 0.3859375 0.059375 0.071875
35 0.3890625 0.3828125 0.0625 0.071875
37 0.453125 0.378125 0.0609375 0.06875
39 0.5140625 0.375 0.059375 0.0703125
41 0.5765625 0.371875 0.059375 0.071875
43 0.6375 0.3671875 0.059375 0.0671875
45 0.7 0.3640625 0.0625 0.071875
26 0.053125 0.6171875 0.065625 0.09375
26 0.125 0.6125 0.071875 0.090625
4 0.2 0.6046875 0.065625 0.0890625
5 0.26875 0.5984375 0.065625 0.090625
6 0.3390625 0.59375 0.06875 0.0875
21 0.409375 0.5890625 0.065625 0.0875
22 0.48125 0.58125 0.065625 0.0859375
23 0.5515625 0.5796875 0.0671875 0.084375
11 0.6203125 0.575 0.06875 0.084375
12 0.6875 0.5734375 0.06875 0.0875
13 0.7546875 0.56875 0.06875 0.08125
9 0.825 0.565625 0.06875 0.084375
9 0.8859375 0.5609375 0.065625 0.084375
9 0.9484375 0.55625 0.0671875 0.08125