19 0.1015625 0.51875 0.071875 0.06875
18 0.1640625 0.5203125 0.0703125 0.0671875
32 0.228125 0.540625 0.0578125 0.0265625
22 0.2859375 0.51875 0.0640625 0.065625
28 0.346875 0.5171875 0.0625 0.0671875
11 0.4078125 0.5171875 0.0578125 0.065625
1 0.4640625 0.5171875 0.0546875 0.0640625
27 0.521875 0.51875 0.05625 0.065625
46 0.5796875 0.5203125 0.0546875 0.0640625
29 0.6375 0.5234375 0.05625 0.065625
30 0.6953125 0.54375 0.0546875 0.028125
4 0.753125 0.525 0.0546875 0.0640625
3 0.8109375 0.5265625 0.059375 0.065625
2 0.871875 0.5265625 0.05625 0.0671875