2 0.109375 0.3359375 0.05625 0.0734375
3 0.1671875 0.3375 0.05625 0.0734375
4 0.2265625 0.3390625 0.0546875 0.071875
30 0.2859375 0.31875 0.0546875 0.025
29 0.34375 0.3390625 0.05625 0.075
46 0.403125 0.3390625 0.05625 0.0734375
27 0.4609375 0.3390625 0.05625 0.071875
1 0.51875 0.3390625 0.0578125 0.0734375
11 0.578125 0.340625 0.05625 0.071875
28 0.6390625 0.340625 0.05625 0.0703125
22 0.6984375 0.34375 0.0546875 0.0703125
32 0.75625 0.3203125 0.0578125 0.0296875
18 0.8171875 0.3421875 0.059375 0.0734375
19 0.8765625 0.34375 0.05625 0.071875
44 0.103125 0.490625 0.0546875 0.0265625
8 0.1609375 0.4703125 0.0546875 0.071875
15 0.21875 0.471875 0.0546875 0.0703125
7 0.278125 0.4765625 0.0578125 0.0703125
6 0.3359375 0.475 0.0546875 0.0734375
16 0.396875 0.475 0.05625 0.071875
47 0.4546875 0.4734375 0.0546875 0.0703125
24 0.5140625 0.4734375 0.05625 0.071875
25 0.571875 0.4734375 0.05625 0.071875
0 0.6328125 0.4734375 0.05625 0.071875
36 0.6921875 0.4515625 0.0546875 0.025
21 0.7515625 0.4765625 0.059375 0.0734375
38 0.8109375 0.453125 0.0546875 0.0328125
26 0.871875 0.4765625 0.059375 0.0734375
13 0.0984375 0.6078125 0.0546875 0.0734375
42 0.1578125 0.5859375 0.05625 0.028125
23 0.2171875 0.609375 0.05625 0.071875
48 0.2765625 0.6109375 0.05625 0.071875
34 0.334375 0.634375 0.0578125 0.0296875
5 0.39375 0.6109375 0.05625 0.0734375
40 0.453125 0.5875 0.05625 0.03125
49 0.5125 0.6078125 0.05625 0.0765625
10 0.571875 0.609375 0.05625 0.075
20 0.63125 0.6109375 0.0578125 0.0734375
9 0.6921875 0.6109375 0.0578125 0.075
12 0.7515625 0.6109375 0.059375 0.0734375
14 0.8125 0.609375 0.0609375 0.075
17 0.8734375 0.609375 0.0578125 0.075