18 0.084375 0.30625 0.0578125 0.053125
19 0.140625 0.309375 0.0609375 0.053125
20 0.196875 0.3125 0.059375 0.0515625
21 0.2515625 0.3078125 0.0578125 0.05
22 0.3078125 0.3078125 0.05625 0.05
23 0.365625 0.3015625 0.0546875 0.05
24 0.4203125 0.3015625 0.0546875 0.0515625
25 0.475 0.3046875 0.0546875 0.053125
26 0.5578125 0.309375 0.0546875 0.053125
28 0.6140625 0.3140625 0.05625 0.0515625
27 0.66875 0.3140625 0.059375 0.0515625
29 0.7234375 0.303125 0.059375 0.05
49 0.778125 0.303125 0.059375 0.0515625
47 0.8359375 0.309375 0.0640625 0.05
9 0.2109375 0.421875 0.0609375 0.0609375
10 0.2734375 0.4203125 0.0609375 0.0625
11 0.3359375 0.4265625 0.0625 0.0625
12 0.3984375 0.421875 0.0609375 0.0625
13 0.4578125 0.4203125 0.0578125 0.0609375
14 0.575 0.415625 0.0609375 0.0625
15 0.6359375 0.4203125 0.0625 0.0625
16 0.696875 0.4140625 0.0671875 0.0625
17 0.7578125 0.4171875 0.065625 0.0625
46 0.815625 0.403125 0.0703125 0.0609375
48 0.878125 0.390625 0.071875 0.0609375
42 0.2234375 0.525 0.0671875 0.0296875
44 0.2921875 0.525 0.0671875 0.028125
34 0.3625 0.5203125 0.0625 0.0234375
32 0.428125 0.515625 0.0640625 0.028125
38 0.5890625 0.5078125 0.0640625 0.03125
40 0.6546875 0.5140625 0.0625 0.03125
36 0.7203125 0.5046875 0.0625 0.0234375
30 0.7859375 0.5078125 0.0625 0.028125
0 0.1359375 0.690625 0.0953125 0.1
1 0.209375 0.696875 0.0828125 0.0984375
2 0.2875 0.6953125 0.0796875 0.0953125
3 0.3703125 0.6953125 0.075 0.0921875
4 0.525 0.6921875 0.071875 0.0921875
5 0.615625 0.696875 0.0828125 0.09375
6 0.690625 0.7 0.0859375 0.09375
7 0.7671875 0.703125 0.0921875 0.09375
8 0.84375 0.696875 0.0953125 0.09375