30 0.109375 0.490625 0.0609375 0.028125
29 0.175 0.5078125 0.065625 0.0671875
46 0.234375 0.50625 0.065625 0.0640625
27 0.2921875 0.5078125 0.065625 0.065625
2 0.3515625 0.5046875 0.0625 0.065625
3 0.4109375 0.5046875 0.0578125 0.065625
4 0.46875 0.50625 0.05625 0.065625
32 0.525 0.4859375 0.0546875 0.028125
18 0.5828125 0.50625 0.0546875 0.0671875
19 0.6421875 0.5046875 0.05625 0.065625
1 0.7 0.5078125 0.05625 0.065625
11 0.7578125 0.50625 0.059375 0.065625
28 0.815625 0.509375 0.0625 0.0671875
22 0.8765625 0.509375 0.065625 0.065625