19 0.08125 0.5234375 0.0671875 0.08125
18 0.1484375 0.5234375 0.065625 0.084375
32 0.2171875 0.55 0.0625 0.0296875
22 0.28125 0.5234375 0.0640625 0.0828125
28 0.3484375 0.525 0.0640625 0.0796875
11 0.4125 0.525 0.0625 0.0796875
1 0.4765625 0.5265625 0.0609375 0.0796875
27 0.5375 0.5265625 0.059375 0.0796875
46 0.603125 0.528125 0.0609375 0.0828125
29 0.6671875 0.528125 0.0640625 0.08125
30 0.73125 0.553125 0.0625 0.0328125
4 0.79375 0.53125 0.0625 0.08125
3 0.859375 0.5328125 0.0625 0.0796875
2 0.921875 0.534375 0.0625 0.08125