35 0.1046875 0.51875 0.06875 0.0703125
37 0.1671875 0.515625 0.06875 0.0671875
13 0.2265625 0.515625 0.0671875 0.065625
12 0.284375 0.5171875 0.0640625 0.0671875
11 0.3421875 0.5171875 0.0609375 0.0671875
10 0.4015625 0.5171875 0.0609375 0.0671875
9 0.459375 0.5140625 0.05625 0.0671875
17 0.5171875 0.515625 0.0546875 0.0671875
16 0.5734375 0.5171875 0.0546875 0.065625
15 0.6328125 0.5171875 0.0546875 0.0671875
14 0.690625 0.51875 0.05625 0.0640625
31 0.75 0.5203125 0.0546875 0.065625
39 0.8109375 0.5203125 0.059375 0.065625
48 0.86875 0.521875 0.059375 0.0671875