30 0.0875 0.484375 0.0640625 0.03125
29 0.1515625 0.50625 0.0640625 0.0765625
46 0.2140625 0.50625 0.0625 0.078125
27 0.275 0.50625 0.0625 0.078125
2 0.3375 0.50625 0.0609375 0.078125
3 0.3984375 0.50625 0.059375 0.0765625
4 0.459375 0.50625 0.0578125 0.0765625
32 0.51875 0.484375 0.0578125 0.028125
18 0.5796875 0.5078125 0.05625 0.075
19 0.6390625 0.5078125 0.05625 0.075
1 0.6984375 0.5078125 0.059375 0.0765625
11 0.759375 0.509375 0.0609375 0.075
28 0.821875 0.509375 0.0578125 0.075
22 0.8828125 0.5125 0.05625 0.075