47 0.090625 0.546875 0.065625 0.078125
24 0.1546875 0.5484375 0.0671875 0.078125
25 0.2171875 0.5484375 0.0640625 0.0765625
0 0.28125 0.5484375 0.0625 0.0765625
36 0.34375 0.5234375 0.0609375 0.0265625
21 0.40625 0.55 0.0609375 0.078125
38 0.46875 0.5296875 0.059375 0.034375
26 0.5296875 0.55 0.059375 0.0765625
44 0.5921875 0.5734375 0.0609375 0.0296875
8 0.653125 0.5515625 0.0578125 0.078125
15 0.7140625 0.553125 0.0625 0.08125
7 0.778125 0.55625 0.0578125 0.0796875
6 0.840625 0.55625 0.059375 0.078125
16 0.903125 0.5578125 0.0609375 0.078125