25 0.0421875 0.25625 0.0578125 0.0765625
24 0.1015625 0.2640625 0.05625 0.075
23 0.1609375 0.265625 0.05625 0.0734375
22 0.221875 0.2671875 0.0578125 0.0765625
21 0.2828125 0.259375 0.05625 0.0765625
20 0.34375 0.265625 0.05625 0.0734375
19 0.403125 0.2625 0.0578125 0.0765625
18 0.4625 0.2765625 0.05625 0.075
47 0.58125 0.278125 0.0578125 0.075
49 0.6421875 0.2765625 0.0578125 0.0734375
29 0.7015625 0.2765625 0.0578125 0.075
27 0.7609375 0.2875 0.059375 0.0734375
28 0.821875 0.2734375 0.059375 0.0734375
26 0.88125 0.2734375 0.0578125 0.075
13 0.1609375 0.4328125 0.0578125 0.075
12 0.221875 0.440625 0.05625 0.0734375
11 0.28125 0.4484375 0.05625 0.0734375
10 0.340625 0.4484375 0.0578125 0.075
9 0.4015625 0.4328125 0.05625 0.075
48 0.4625 0.4390625 0.05625 0.075
46 0.575 0.428125 0.0578125 0.075
17 0.634375 0.446875 0.0578125 0.0734375
16 0.6953125 0.4625 0.0578125 0.075
15 0.75625 0.4625 0.0578125 0.0734375
14 0.815625 0.4359375 0.05625 0.0765625
32 0.259375 0.6203125 0.059375 0.028125
34 0.3234375 0.6203125 0.05625 0.028125
44 0.3828125 0.61875 0.0578125 0.0296875
42 0.44375 0.6171875 0.05625 0.0296875
30 0.5515625 0.621875 0.0578125 0.028125
36 0.609375 0.625 0.059375 0.0265625
40 0.671875 0.615625 0.05625 0.034375
38 0.73125 0.615625 0.0578125 0.0328125
4 0.2 0.746875 0.0578125 0.0765625
3 0.2609375 0.75 0.0578125 0.0734375
2 0.321875 0.746875 0.059375 0.075
1 0.3828125 0.7578125 0.059375 0.075
0 0.4421875 0.753125 0.05625 0.075
8 0.5546875 0.740625 0.0578125 0.0796875
7 0.615625 0.740625 0.059375 0.0765625
6 0.6765625 0.73125 0.0546875 0.078125
5 0.7375 0.734375 0.0578125 0.075