18 0.0796875 0.3203125 0.065625 0.065625
19 0.1390625 0.3234375 0.0625 0.0671875
20 0.2015625 0.328125 0.0609375 0.0640625
21 0.2640625 0.3234375 0.0578125 0.065625
22 0.325 0.3265625 0.0609375 0.0640625
23 0.3875 0.3296875 0.0640625 0.065625
24 0.446875 0.321875 0.059375 0.065625
25 0.509375 0.325 0.0609375 0.0671875
26 0.571875 0.3234375 0.0609375 0.0640625
28 0.634375 0.3171875 0.0625 0.0671875
27 0.6953125 0.3109375 0.065625 0.065625
29 0.759375 0.3140625 0.0671875 0.0640625
49 0.8203125 0.3078125 0.06875 0.065625
47 0.8828125 0.3125 0.06875 0.0625
9 0.0609375 0.428125 0.065625 0.075
10 0.125 0.428125 0.065625 0.0734375
11 0.190625 0.43125 0.0640625 0.071875
12 0.2546875 0.4296875 0.0640625 0.071875
13 0.3203125 0.4296875 0.065625 0.0703125
14 0.384375 0.43125 0.0625 0.071875
15 0.45 0.4328125 0.0671875 0.071875
16 0.515625 0.43125 0.065625 0.0734375
17 0.58125 0.43125 0.065625 0.0734375
46 0.784375 0.4296875 0.0703125 0.0734375
48 0.8515625 0.4328125 0.0765625 0.075
42 0.1875 0.540625 0.06875 0.03125
0 0.121875 0.7296875 0.0765625 0.0984375
1 0.1953125 0.7296875 0.0734375 0.0953125
2 0.2734375 0.73125 0.0765625 0.096875
3 0.3484375 0.725 0.075 0.0984375
4 0.4234375 0.7265625 0.075 0.096875
5 0.4984375 0.7296875 0.0734375 0.0984375
6 0.575 0.73125 0.078125 0.096875
7 0.6515625 0.73125 0.0765625 0.1
8 0.7296875 0.7328125 0.08125 0.0984375
44 0.259375 0.5375 0.0703125 0.03125
34 0.3296875 0.5375 0.065625 0.025
32 0.4 0.5375 0.06875 0.0296875
38 0.46875 0.5359375 0.0671875 0.0328125
40 0.5390625 0.5328125 0.06875 0.0328125
36 0.609375 0.525 0.071875 0.0265625
30 0.6796875 0.5296875 0.075 0.028125