7 0.1 0.4796875 0.0734375 0.071875
6 0.1640625 0.478125 0.0734375 0.0703125
5 0.2265625 0.478125 0.0703125 0.06875
4 0.290625 0.478125 0.06875 0.0703125
3 0.353125 0.478125 0.065625 0.0703125
2 0.4140625 0.4796875 0.0625 0.0671875
1 0.4765625 0.4765625 0.0609375 0.0703125
0 0.5375 0.478125 0.0578125 0.0703125
47 0.596875 0.4796875 0.0625 0.0703125
49 0.6609375 0.4796875 0.0625 0.06875
29 0.7234375 0.48125 0.0640625 0.06875
27 0.7828125 0.48125 0.0625 0.0703125
28 0.84375 0.4828125 0.06875 0.06875
8 0.90625 0.484375 0.0703125 0.0671875