32 0.234375 0.2546875 0.0578125 0.0265625
34 0.2953125 0.253125 0.059375 0.0265625
44 0.36875 0.26875 0.0625 0.0296875
42 0.428125 0.2703125 0.0609375 0.0296875
30 0.54375 0.2609375 0.059375 0.028125
36 0.6046875 0.2640625 0.05625 0.028125
40 0.6671875 0.2609375 0.059375 0.034375
38 0.728125 0.2640625 0.059375 0.0359375
4 0.19375 0.390625 0.059375 0.0765625
3 0.253125 0.3875 0.0578125 0.075
2 0.3140625 0.3765625 0.0578125 0.075
1 0.375 0.375 0.0578125 0.075
0 0.434375 0.384375 0.05625 0.075
8 0.5765625 0.3828125 0.0625 0.0796875
7 0.6375 0.3875 0.0609375 0.0796875
6 0.6984375 0.390625 0.059375 0.0796875
5 0.759375 0.3984375 0.0625 0.0796875
25 0.0671875 0.54375 0.0578125 0.075
24 0.128125 0.5515625 0.0578125 0.075
23 0.1890625 0.553125 0.059375 0.075
22 0.2484375 0.5546875 0.05625 0.075
21 0.3078125 0.5453125 0.05625 0.075
20 0.36875 0.5515625 0.05625 0.075
19 0.4296875 0.5484375 0.05625 0.075
18 0.4890625 0.5625 0.05625 0.075
47 0.5890625 0.5390625 0.0625 0.0734375
49 0.6515625 0.540625 0.0609375 0.075
29 0.7109375 0.525 0.0625 0.0765625
27 0.771875 0.5234375 0.0609375 0.078125
28 0.83125 0.515625 0.0609375 0.0765625
26 0.89375 0.5125 0.0640625 0.0796875
13 0.175 0.71875 0.0578125 0.0734375
12 0.2359375 0.703125 0.05625 0.0734375
11 0.2953125 0.7203125 0.05625 0.075
10 0.35625 0.7140625 0.0546875 0.075
9 0.415625 0.725 0.053125 0.075
48 0.521875 0.715625 0.05625 0.075
46 0.58125 0.71875 0.0546875 0.078125
17 0.6421875 0.7125 0.05625 0.0765625
16 0.7015625 0.7171875 0.05625 0.0765625
15 0.7625 0.7078125 0.0578125 0.0765625
14 0.8234375 0.7109375 0.05625 0.078125