18 0.075 0.296875 0.0546875 0.071875
19 0.1328125 0.303125 0.05625 0.071875
20 0.1890625 0.3046875 0.05625 0.071875
21 0.2484375 0.3046875 0.0546875 0.0734375
22 0.3046875 0.303125 0.05625 0.0734375
23 0.3625 0.296875 0.0546875 0.071875
24 0.4203125 0.296875 0.05625 0.0734375
25 0.478125 0.303125 0.053125 0.0703125
26 0.5640625 0.309375 0.0546875 0.071875
28 0.6203125 0.3171875 0.0546875 0.0703125
27 0.678125 0.31875 0.05625 0.0703125
29 0.7359375 0.3046875 0.0578125 0.071875
49 0.79375 0.3046875 0.0578125 0.0703125
47 0.853125 0.3140625 0.05625 0.0734375
9 0.2296875 0.446875 0.05625 0.0734375
10 0.2890625 0.446875 0.05625 0.071875
11 0.3484375 0.4546875 0.05625 0.071875
12 0.4046875 0.4515625 0.0546875 0.071875
13 0.4625 0.4515625 0.05625 0.06875
14 0.5734375 0.446875 0.05625 0.06875
15 0.63125 0.453125 0.05625 0.0703125
16 0.6890625 0.4484375 0.0546875 0.0734375
17 0.746875 0.4515625 0.0578125 0.0703125
46 0.8046875 0.4375 0.05625 0.0703125
48 0.8703125 0.421875 0.05625 0.071875
42 0.2640625 0.5640625 0.05625 0.03125
44 0.3203125 0.5640625 0.0546875 0.03125
34 0.378125 0.5609375 0.05625 0.028125
32 0.4375 0.559375 0.05625 0.028125
38 0.578125 0.55 0.05625 0.03125
40 0.6375 0.5578125 0.0546875 0.03125
36 0.6953125 0.55 0.05625 0.0265625
30 0.7546875 0.5546875 0.0546875 0.028125
0 0.2125 0.7109375 0.0625 0.08125
1 0.271875 0.7140625 0.0609375 0.0796875
2 0.3328125 0.7140625 0.0625 0.0796875
3 0.3953125 0.7171875 0.0546875 0.0734375
4 0.5171875 0.71875 0.0546875 0.0765625
5 0.5859375 0.7234375 0.0578125 0.0734375
6 0.646875 0.7265625 0.0609375 0.0734375
7 0.7046875 0.7296875 0.059375 0.071875
8 0.765625 0.728125 0.0609375 0.0734375