18 0.0421875 0.5390625 0.06875 0.084375
19 0.109375 0.5390625 0.0703125 0.084375
20 0.1765625 0.5421875 0.0703125 0.0875
21 0.24375 0.54375 0.06875 0.0828125
22 0.3125 0.5453125 0.065625 0.0859375
23 0.38125 0.546875 0.0671875 0.084375
24 0.45 0.546875 0.065625 0.084375
25 0.515625 0.546875 0.0640625 0.0796875
26 0.584375 0.5484375 0.0671875 0.0828125
28 0.65 0.55 0.0640625 0.0828125
27 0.715625 0.55 0.0671875 0.08125
29 0.78125 0.553125 0.0640625 0.0828125
49 0.846875 0.5546875 0.0640625 0.084375
47 0.9171875 0.559375 0.0703125 0.084375