25 0.0484375 0.234375 0.0578125 0.0703125
24 0.10625 0.24375 0.059375 0.071875
23 0.165625 0.2453125 0.05625 0.0734375
22 0.225 0.2484375 0.059375 0.071875
21 0.2859375 0.24375 0.05625 0.0734375
20 0.3453125 0.25 0.0578125 0.071875
19 0.4046875 0.25 0.05625 0.0734375
18 0.4625 0.2625 0.05625 0.0734375
47 0.5796875 0.265625 0.059375 0.0703125
49 0.6390625 0.2671875 0.0578125 0.071875
29 0.6984375 0.26875 0.059375 0.0734375
27 0.759375 0.28125 0.0609375 0.075
28 0.8203125 0.2671875 0.059375 0.0734375
26 0.88125 0.2703125 0.059375 0.0734375
13 0.1546875 0.409375 0.059375 0.0734375
12 0.215625 0.41875 0.059375 0.078125
11 0.275 0.4265625 0.059375 0.0734375
10 0.3359375 0.4296875 0.0609375 0.075
9 0.396875 0.4140625 0.0578125 0.075
48 0.4578125 0.421875 0.0578125 0.0734375
46 0.571875 0.4140625 0.0578125 0.0765625
17 0.63125 0.4328125 0.059375 0.071875
16 0.69375 0.45 0.0609375 0.0765625
15 0.7546875 0.4546875 0.059375 0.075
14 0.815625 0.4265625 0.0578125 0.0765625
32 0.2453125 0.6 0.0609375 0.03125
34 0.30625 0.6015625 0.0609375 0.028125
44 0.36875 0.6015625 0.05625 0.0296875
42 0.4296875 0.6015625 0.0578125 0.0296875
30 0.54375 0.6125 0.0578125 0.0296875
36 0.6046875 0.6125 0.059375 0.0296875
40 0.66875 0.6078125 0.0578125 0.0328125
38 0.7296875 0.6078125 0.059375 0.03125
4 0.171875 0.7296875 0.0625 0.084375
3 0.2359375 0.7390625 0.0578125 0.0828125
2 0.2984375 0.7359375 0.0578125 0.0828125
1 0.3625 0.75 0.0578125 0.08125
0 0.425 0.7453125 0.0578125 0.08125
8 0.54375 0.7359375 0.059375 0.084375
7 0.609375 0.7359375 0.0640625 0.0859375
6 0.6734375 0.73125 0.059375 0.084375
5 0.7359375 0.734375 0.0625 0.0828125