35 0.0890625 0.5265625 0.0640625 0.0828125
37 0.1578125 0.5265625 0.065625 0.0828125
13 0.221875 0.5265625 0.0625 0.08125
12 0.284375 0.528125 0.0609375 0.084375
11 0.3484375 0.5296875 0.0609375 0.08125
10 0.4125 0.5296875 0.0625 0.0796875
9 0.475 0.528125 0.059375 0.08125
17 0.5375 0.53125 0.0625 0.08125
16 0.6015625 0.53125 0.0609375 0.08125
15 0.665625 0.5328125 0.065625 0.08125
14 0.73125 0.534375 0.0625 0.0828125
31 0.796875 0.5359375 0.0625 0.08125
39 0.8625 0.5375 0.0640625 0.0828125
48 0.9296875 0.5390625 0.0671875 0.0828125