26 0.0859375 0.5734375 0.0671875 0.0796875
38 0.15 0.5953125 0.0640625 0.034375
21 0.2140625 0.571875 0.0640625 0.078125
36 0.2765625 0.5953125 0.0609375 0.0296875
0 0.3390625 0.571875 0.0625 0.078125
25 0.4015625 0.5703125 0.0625 0.078125
24 0.4640625 0.5703125 0.0625 0.0765625
47 0.5265625 0.5703125 0.0609375 0.0765625
16 0.5875 0.5703125 0.059375 0.078125
6 0.65 0.5703125 0.0609375 0.078125
7 0.7109375 0.5703125 0.059375 0.0765625
15 0.7734375 0.5703125 0.059375 0.078125
8 0.834375 0.56875 0.059375 0.0796875
44 0.896875 0.5484375 0.059375 0.034375