49 0.1375 0.546875 0.059375 0.0734375
10 0.196875 0.5453125 0.0578125 0.075
20 0.25625 0.546875 0.059375 0.0765625
9 0.315625 0.546875 0.05625 0.075
12 0.375 0.546875 0.0578125 0.075
14 0.4328125 0.5484375 0.05625 0.075
17 0.490625 0.55 0.0546875 0.0734375
13 0.5484375 0.55 0.059375 0.075
42 0.609375 0.528125 0.059375 0.0296875
23 0.66875 0.5515625 0.05625 0.075
48 0.7265625 0.553125 0.0578125 0.075
34 0.7859375 0.5765625 0.059375 0.0328125
5 0.8453125 0.55625 0.0609375 0.0765625
40 0.9078125 0.5359375 0.059375 0.0328125