25 0.075 0.2484375 0.059375 0.05625
24 0.1265625 0.2515625 0.0578125 0.0546875
23 0.18125 0.2546875 0.0578125 0.0546875
22 0.2390625 0.2546875 0.0609375 0.05625
21 0.2984375 0.25 0.0609375 0.0546875
20 0.3515625 0.2546875 0.05625 0.0546875
19 0.4078125 0.253125 0.059375 0.05625
18 0.4640625 0.2625 0.05625 0.0578125
47 0.5765625 0.2625 0.0546875 0.053125
49 0.634375 0.2625 0.059375 0.0546875
29 0.6921875 0.2625 0.059375 0.0546875
27 0.7515625 0.2703125 0.0625 0.05625
28 0.809375 0.259375 0.065625 0.05625
26 0.8671875 0.259375 0.0671875 0.05625
13 0.146875 0.3875 0.0578125 0.0640625
12 0.209375 0.3953125 0.0609375 0.0640625
11 0.26875 0.4 0.059375 0.065625
10 0.33125 0.4015625 0.059375 0.0671875
9 0.3953125 0.3859375 0.059375 0.0640625
48 0.4578125 0.3921875 0.0578125 0.065625
46 0.575 0.384375 0.059375 0.065625
17 0.6390625 0.4 0.0625 0.0671875
16 0.7046875 0.4140625 0.0671875 0.06875
15 0.76875 0.415625 0.06875 0.06875
14 0.828125 0.390625 0.0703125 0.06875
32 0.221875 0.565625 0.06875 0.0296875
34 0.290625 0.56875 0.06875 0.0265625
44 0.3546875 0.565625 0.0671875 0.0296875
42 0.4265625 0.565625 0.059375 0.028125
30 0.55 0.571875 0.0640625 0.03125
36 0.61875 0.5765625 0.0640625 0.028125
40 0.690625 0.56875 0.065625 0.0328125
38 0.759375 0.5671875 0.065625 0.0359375
4 0.11875 0.7125 0.078125 0.096875
3 0.190625 0.7203125 0.0765625 0.0953125
2 0.265625 0.7171875 0.0765625 0.096875
1 0.340625 0.7296875 0.0796875 0.096875
0 0.415625 0.725 0.0734375 0.0953125
8 0.55625 0.7125 0.071875 0.0984375
7 0.6328125 0.7140625 0.0734375 0.0984375
6 0.7078125 0.7046875 0.075 0.0953125
5 0.7859375 0.7078125 0.0796875 0.0984375