42 0.2265625 0.2453125 0.0578125 0.028125
44 0.284375 0.2453125 0.0578125 0.028125
34 0.3421875 0.246875 0.0578125 0.0265625
32 0.4015625 0.2453125 0.05625 0.025
38 0.459375 0.246875 0.05625 0.028125
40 0.51875 0.2484375 0.0578125 0.028125
36 0.578125 0.24375 0.0578125 0.025
30 0.634375 0.246875 0.0578125 0.0234375
0 0.1953125 0.3984375 0.05625 0.0734375
1 0.253125 0.4 0.05625 0.0734375
2 0.3125 0.396875 0.0578125 0.0734375
3 0.371875 0.396875 0.05625 0.071875
4 0.4328125 0.3953125 0.059375 0.075
5 0.490625 0.3953125 0.05625 0.071875
6 0.55 0.39375 0.059375 0.0734375
7 0.6078125 0.3890625 0.05625 0.075
8 0.6671875 0.3875 0.0578125 0.0734375
18 0.0765625 0.521875 0.0578125 0.0734375
19 0.1375 0.5203125 0.0578125 0.0734375
20 0.196875 0.51875 0.05625 0.0734375
21 0.2703125 0.5140625 0.0578125 0.0734375
22 0.3296875 0.5125 0.05625 0.0734375
23 0.390625 0.5125 0.05625 0.0734375
24 0.4640625 0.515625 0.05625 0.0734375
25 0.525 0.515625 0.0578125 0.071875
26 0.5828125 0.5140625 0.0578125 0.071875
28 0.6625 0.5046875 0.05625 0.0734375
27 0.7265625 0.5046875 0.0546875 0.0765625
29 0.7859375 0.5109375 0.0546875 0.0765625
49 0.8796875 0.5125 0.05625 0.0765625
47 0.9390625 0.5171875 0.05625 0.0765625
46 0.8390625 0.6453125 0.0578125 0.0796875
48 0.9 0.65 0.059375 0.078125
9 0.15625 0.6578125 0.0578125 0.075
10 0.2171875 0.65625 0.0578125 0.075
11 0.2765625 0.6546875 0.0578125 0.075
12 0.3375 0.6546875 0.0578125 0.0734375
13 0.3984375 0.653125 0.05625 0.0734375
14 0.4578125 0.6546875 0.05625 0.075
15 0.51875 0.6546875 0.0578125 0.075
16 0.5796875 0.653125 0.05625 0.0765625
17 0.6375 0.6515625 0.0578125 0.075