42 0.278125 0.225 0.0515625 0.0265625
44 0.3328125 0.2171875 0.0546875 0.021875
34 0.3859375 0.2234375 0.053125 0.0234375
32 0.440625 0.225 0.053125 0.01875
38 0.496875 0.2234375 0.053125 0.0234375
40 0.553125 0.2234375 0.0546875 0.0234375
36 0.609375 0.21875 0.05625 0.0203125
30 0.6671875 0.2234375 0.0578125 0.0234375
0 0.209375 0.346875 0.0578125 0.0640625
1 0.26875 0.3421875 0.0546875 0.0625
2 0.325 0.346875 0.05625 0.0625
3 0.3828125 0.3453125 0.0578125 0.0625
4 0.4421875 0.3484375 0.05625 0.0640625
5 0.5015625 0.3453125 0.0546875 0.0640625
6 0.559375 0.34375 0.0546875 0.0640625
7 0.6234375 0.353125 0.059375 0.0703125
8 0.7078125 0.35 0.0609375 0.0671875
18 0.1015625 0.478125 0.0640625 0.071875
19 0.1640625 0.4828125 0.059375 0.071875
20 0.2265625 0.478125 0.0609375 0.0703125
21 0.2875 0.475 0.059375 0.0703125
22 0.3515625 0.478125 0.0640625 0.0703125
23 0.4125 0.4796875 0.05625 0.0703125
24 0.4765625 0.471875 0.059375 0.06875
25 0.5375 0.4734375 0.0625 0.0703125
26 0.6015625 0.471875 0.0609375 0.0734375
28 0.6640625 0.4640625 0.0640625 0.071875
27 0.7265625 0.459375 0.0671875 0.071875
29 0.790625 0.4640625 0.06875 0.0734375
49 0.8546875 0.45625 0.071875 0.071875
47 0.91875 0.459375 0.075 0.071875
46 0.8390625 0.61875 0.0734375 0.0859375
48 0.909375 0.628125 0.078125 0.084375
9 0.0875 0.6421875 0.0609375 0.08125
10 0.15625 0.64375 0.0640625 0.084375
11 0.221875 0.65 0.0640625 0.0828125
12 0.2890625 0.6421875 0.065625 0.084375
13 0.3546875 0.634375 0.065625 0.0828125
14 0.421875 0.634375 0.065625 0.0875
15 0.4890625 0.628125 0.06875 0.084375
16 0.5578125 0.6359375 0.0703125 0.0890625
17 0.6234375 0.61875 0.0734375 0.0875