11 0.096875 0.5203125 0.0734375 0.0703125
12 0.159375 0.515625 0.0671875 0.065625
13 0.2203125 0.51875 0.06875 0.0625
37 0.28125 0.51875 0.0671875 0.065625
35 0.340625 0.51875 0.0640625 0.0671875
16 0.4 0.5234375 0.059375 0.0671875
17 0.459375 0.521875 0.0578125 0.065625
9 0.51875 0.5234375 0.05625 0.065625
10 0.578125 0.5234375 0.05625 0.065625
48 0.6375 0.525 0.05625 0.065625
39 0.696875 0.5203125 0.05 0.065625
31 0.7515625 0.521875 0.05625 0.0640625
14 0.8109375 0.5234375 0.0578125 0.0640625
15 0.8703125 0.5234375 0.0625 0.065625