19 0.0921875 0.5296875 0.0640625 0.0859375
20 0.1578125 0.5296875 0.0640625 0.084375
21 0.2234375 0.5328125 0.065625 0.0828125
22 0.2875 0.5328125 0.0625 0.0828125
33 0.3515625 0.534375 0.0640625 0.0828125
24 0.4171875 0.5375 0.0625 0.084375
25 0.48125 0.5390625 0.0640625 0.084375
26 0.54375 0.540625 0.0609375 0.0828125
18 0.6078125 0.540625 0.0640625 0.0828125
46 0.671875 0.54375 0.0625 0.084375
43 0.7359375 0.5453125 0.0625 0.0859375
41 0.8 0.546875 0.0609375 0.084375
45 0.8625 0.5484375 0.0609375 0.0859375
23 0.9296875 0.55 0.065625 0.0828125