17 0.08125 0.4703125 0.0765625 0.075
14 0.1453125 0.4703125 0.075 0.0765625
12 0.2109375 0.4703125 0.071875 0.075
9 0.2734375 0.4703125 0.071875 0.075
20 0.3375 0.471875 0.0671875 0.075
10 0.4015625 0.471875 0.0640625 0.075
49 0.465625 0.471875 0.0625 0.075
40 0.5265625 0.4953125 0.0609375 0.0296875
5 0.590625 0.475 0.0625 0.0734375
34 0.6515625 0.4546875 0.0625 0.03125
48 0.7140625 0.4765625 0.0640625 0.0734375
23 0.7765625 0.4765625 0.0609375 0.071875
42 0.8375 0.5 0.0625 0.028125
13 0.9 0.478125 0.06875 0.071875