17 0.0703125 0.503125 0.06875 0.0828125
14 0.1359375 0.503125 0.0671875 0.08125
12 0.2015625 0.503125 0.0640625 0.0828125
9 0.2671875 0.503125 0.065625 0.0796875
20 0.3328125 0.5046875 0.0640625 0.08125
10 0.396875 0.5046875 0.0625 0.0796875
49 0.4609375 0.5046875 0.0609375 0.08125
40 0.5234375 0.5296875 0.0609375 0.0359375
5 0.5875 0.5078125 0.0609375 0.0796875
34 0.65 0.484375 0.0609375 0.03125
48 0.7140625 0.509375 0.0609375 0.0796875
23 0.7765625 0.5109375 0.0609375 0.08125
42 0.8390625 0.534375 0.0625 0.0328125
13 0.9046875 0.5125 0.0609375 0.0796875