6 0.053125 0.53125 0.0625 0.0828125
15 0.11875 0.528125 0.0625 0.084375
2 0.1859375 0.5328125 0.0609375 0.084375
25 0.253125 0.521875 0.0609375 0.08125
49 0.3203125 0.5125 0.0625 0.084375
11 0.390625 0.4953125 0.0609375 0.0859375
13 0.45625 0.509375 0.059375 0.084375
18 0.5234375 0.5046875 0.0625 0.084375
48 0.59375 0.4875 0.0625 0.0859375
0 0.6625 0.49375 0.0671875 0.0859375
4 0.7328125 0.49375 0.0625 0.0859375
15 0.8015625 0.5015625 0.065625 0.0875
47 0.8765625 0.5 0.065625 0.0859375
24 0.9453125 0.509375 0.0640625 0.0875