46 0.053125 0.415625 0.0265625 0.0484375
46 0.084375 0.403125 0.028125 0.0515625
48 0.1171875 0.3875 0.0296875 0.0515625
48 0.1515625 0.3734375 0.0328125 0.053125
49 0.0453125 0.490625 0.0296875 0.0546875
49 0.0765625 0.46875 0.03125 0.0515625
47 0.1109375 0.4546875 0.03125 0.053125
47 0.14375 0.4453125 0.03125 0.05625
28 0.0421875 0.5546875 0.0296875 0.053125
28 0.075 0.54375 0.0296875 0.0578125
27 0.1078125 0.521875 0.03125 0.05625
27 0.146875 0.5203125 0.0375 0.0609375
29 0.0484375 0.625 0.0328125 0.0625
29 0.08125 0.6203125 0.0328125 0.065625