36 0.3125 0.5703125 0.0609375 0.03125
28 0.3890625 0.4578125 0.0609375 0.0796875
42 0.7 0.5703125 0.0640625 0.028125
29 0.453125 0.45625 0.0578125 0.078125
40 0.44375 0.571875 0.0578125 0.03125
44 0.6359375 0.5703125 0.059375 0.0328125
38 0.50625 0.5703125 0.0625 0.0296875
49 0.5796875 0.4578125 0.059375 0.0796875
34 0.3796875 0.571875 0.0609375 0.0328125
27 0.3234375 0.4546875 0.0640625 0.08125
47 0.5171875 0.45625 0.0625 0.0828125
48 0.6421875 0.4546875 0.0625 0.08125
46 0.7109375 0.45 0.0609375 0.08125
32 0.5703125 0.571875 0.0609375 0.0328125
30 0.765625 0.5625 0.059375 0.03125