15 0.08125 0.5046875 0.0625 0.0828125
8 0.1484375 0.5046875 0.0671875 0.0828125
25 0.2140625 0.50625 0.065625 0.084375
6 0.284375 0.5015625 0.06875 0.08125
22 0.35 0.503125 0.059375 0.0828125
17 0.415625 0.4921875 0.0671875 0.08125
20 0.48125 0.5 0.059375 0.08125
14 0.5453125 0.478125 0.0640625 0.0796875
2 0.6125 0.484375 0.0625 0.0828125
28 0.6796875 0.4765625 0.0640625 0.08125
11 0.74375 0.496875 0.0671875 0.08125
11 0.8078125 0.503125 0.059375 0.0828125
7 0.8734375 0.4859375 0.0640625 0.084375
48 0.9359375 0.5015625 0.0625 0.084375