28 0.346875 0.4921875 0.0703125 0.05
40 0.3828125 0.5484375 0.028125 0.05
49 0.56875 0.4921875 0.06875 0.05
36 0.2265625 0.546875 0.028125 0.0484375
29 0.421875 0.4921875 0.06875 0.0484375
34 0.303125 0.5484375 0.028125 0.05
27 0.26875 0.49375 0.0703125 0.05
47 0.4953125 0.490625 0.0671875 0.0515625
48 0.64375 0.4890625 0.071875 0.05
46 0.71875 0.4890625 0.0703125 0.05
38 0.45625 0.5484375 0.03125 0.0515625
32 0.5328125 0.546875 0.0328125 0.0515625
44 0.6046875 0.546875 0.0296875 0.0515625
42 0.6796875 0.54375 0.028125 0.05
30 0.753125 0.5421875 0.03125 0.0515625