18 0.9 0.478125 0.0734375 0.0421875
11 0.69375 0.4359375 0.0796875 0.0359375
26 0.1875 0.471875 0.0859375 0.04375
23 0.4609375 0.475 0.0828125 0.0390625
22 0.546875 0.478125 0.0796875 0.0390625
19 0.8140625 0.4796875 0.08125 0.040625
17 0.1875 0.428125 0.0828125 0.0375
16 0.275 0.4265625 0.0828125 0.0375
15 0.359375 0.4296875 0.08125 0.0359375
14 0.4421875 0.4328125 0.078125 0.0375
13 0.528125 0.434375 0.08125 0.034375
12 0.6109375 0.4359375 0.0796875 0.0375
10 0.7796875 0.4359375 0.08125 0.0375
9 0.859375 0.4359375 0.075 0.0375
25 0.2796875 0.471875 0.090625 0.0421875
24 0.371875 0.4734375 0.0890625 0.040625
21 0.6359375 0.478125 0.0828125 0.040625
20 0.725 0.478125 0.0828125 0.040625