29 0.0609375 0.5 0.0625 0.078125
31 0.1296875 0.490625 0.065625 0.0828125
46 0.203125 0.4953125 0.0625 0.084375
9 0.2859375 0.5015625 0.0625 0.0828125
25 0.3515625 0.4890625 0.0609375 0.08125
11 0.4171875 0.50625 0.059375 0.0796875
3 0.4828125 0.4921875 0.05625 0.0828125
14 0.546875 0.4875 0.0578125 0.0796875
2 0.6140625 0.484375 0.0609375 0.08125
19 0.6796875 0.475 0.0578125 0.078125
18 0.7453125 0.4859375 0.0609375 0.0796875
23 0.809375 0.4921875 0.059375 0.0796875
9 0.875 0.490625 0.0625 0.0765625