11 0.071875 0.521875 0.0625 0.08125
9 0.1328125 0.5140625 0.0625 0.08125
25 0.19375 0.4984375 0.0609375 0.08125
14 0.25625 0.490625 0.0609375 0.08125
3 0.3203125 0.484375 0.0578125 0.08125
2 0.3828125 0.4640625 0.0625 0.0796875
28 0.45 0.4609375 0.0625 0.0828125
22 0.5171875 0.4890625 0.0609375 0.0828125
29 0.5828125 0.484375 0.0609375 0.0875
9 0.6515625 0.49375 0.059375 0.084375
23 0.71875 0.4984375 0.0609375 0.0828125
23 0.859375 0.5015625 0.0625 0.0859375
12 0.7890625 0.496875 0.0625 0.084375
48 0.9328125 0.484375 0.0625 0.0828125