25 0.0703125 0.490625 0.0640625 0.084375
7 0.1421875 0.5265625 0.0625 0.0796875
20 0.2078125 0.4984375 0.065625 0.08125
22 0.275 0.49375 0.059375 0.08125
3 0.340625 0.5 0.0625 0.08125
45 0.40625 0.4984375 0.0609375 0.0796875
24 0.4703125 0.496875 0.0609375 0.08125
5 0.5359375 0.4859375 0.0625 0.0828125
5 0.859375 0.5125 0.0609375 0.08125
0 0.6015625 0.4734375 0.059375 0.0828125
10 0.6640625 0.4875 0.0578125 0.08125
49 0.73125 0.4796875 0.0625 0.08125
23 0.7953125 0.4875 0.059375 0.0828125
24 0.9234375 0.50625 0.0625 0.084375