0 0.0609375 0.346875 0.0296875 0.0515625
0 0.0953125 0.3484375 0.03125 0.05625
1 0.1359375 0.3359375 0.0328125 0.053125
1 0.171875 0.31875 0.03125 0.059375
2 0.05625 0.41875 0.03125 0.0515625
2 0.090625 0.409375 0.03125 0.0515625
3 0.125 0.4015625 0.028125 0.05625
3 0.1640625 0.3953125 0.034375 0.0609375
4 0.0390625 0.5078125 0.028125 0.05625
4 0.071875 0.4828125 0.0328125 0.0578125
5 0.1046875 0.475 0.03125 0.059375
5 0.14375 0.4640625 0.0328125 0.0625
6 0.0421875 0.5828125 0.03125 0.0609375
6 0.075 0.5640625 0.0328125 0.0640625
7 0.109375 0.5640625 0.034375 0.0640625
7 0.1453125 0.534375 0.034375 0.0609375
8 0.0609375 0.6484375 0.0375 0.0671875
8 0.109375 0.6375 0.0390625 0.065625