13 0.15625 0.2796875 0.1015625 0.06875
8 0.1796875 0.359375 0.1015625 0.075
28 0.1640625 0.44375 0.109375 0.078125
6 0.159375 0.5265625 0.1109375 0.084375
47 0.125 0.6203125 0.1109375 0.0875
23 0.134375 0.7203125 0.1140625 0.1
47 0.3359375 0.24375 0.096875 0.06875
18 0.3359375 0.3359375 0.1 0.0765625
27 0.321875 0.4265625 0.103125 0.075
28 0.3390625 0.5234375 0.1078125 0.0828125
0 0.29375 0.6203125 0.1125 0.0859375
3 0.303125 0.7328125 0.1125 0.090625
12 0.6625 0.296875 0.1046875 0.0765625
49 0.6421875 0.38125 0.1046875 0.0796875
15 0.646875 0.475 0.109375 0.0765625
26 0.653125 0.5671875 0.1109375 0.084375
3 0.6578125 0.6640625 0.1171875 0.090625
5 0.6640625 0.7625 0.121875 0.0953125
42 0.8109375 0.2875 0.04375 0.06875
4 0.840625 0.36875 0.10625 0.0734375
48 0.8078125 0.4625 0.1125 0.0828125
19 0.80625 0.5609375 0.1078125 0.08125
34 0.884375 0.6640625 0.0453125 0.08125
21 0.8453125 0.79375 0.125 0.096875