44 0.090625 0.228125 0.053125 0.01875
19 0.1421875 0.2296875 0.0515625 0.040625
42 0.2 0.228125 0.053125 0.0171875
20 0.259375 0.2171875 0.0515625 0.040625
32 0.3125 0.23125 0.053125 0.0203125
23 0.3734375 0.2078125 0.0546875 0.0421875
11 0.428125 0.215625 0.0515625 0.040625
26 0.484375 0.203125 0.0515625 0.0390625
25 0.5390625 0.2015625 0.053125 0.0421875
24 0.596875 0.196875 0.0546875 0.0390625
14 0.6515625 0.2 0.053125 0.040625
40 0.709375 0.2109375 0.053125 0.0203125
10 0.759375 0.1953125 0.0546875 0.040625
9 0.8140625 0.1921875 0.053125 0.0375
28 0.86875 0.1890625 0.0515625 0.040625