35 0.0671875 0.5 0.0578125 0.078125
11 0.1296875 0.50625 0.0578125 0.078125
47 0.19375 0.515625 0.0578125 0.075
29 0.2578125 0.509375 0.059375 0.0734375
31 0.3203125 0.4890625 0.059375 0.078125
46 0.384375 0.475 0.0609375 0.0765625
2 0.471875 0.4828125 0.0546875 0.0796875
19 0.5390625 0.4890625 0.0546875 0.075
29 0.6046875 0.4890625 0.0546875 0.078125
16 0.66875 0.478125 0.0546875 0.075
14 0.7296875 0.490625 0.05625 0.0734375
2 0.7921875 0.4875 0.0546875 0.075
19 0.853125 0.4890625 0.053125 0.0765625