46 0.2921875 0.5125 0.071875 0.0703125
40 0.6359375 0.4296875 0.0609375 0.01875
28 0.6671875 0.5171875 0.071875 0.0703125
49 0.44375 0.5140625 0.0703125 0.06875
36 0.7671875 0.43125 0.0578125 0.01875
29 0.590625 0.515625 0.06875 0.0671875
47 0.51875 0.5140625 0.06875 0.06875
32 0.503125 0.4265625 0.059375 0.0203125
27 0.7421875 0.51875 0.0734375 0.0703125
48 0.3671875 0.5125 0.0671875 0.075
30 0.2953125 0.4234375 0.0640625 0.021875
42 0.36875 0.421875 0.0578125 0.01875
44 0.4375 0.4265625 0.0609375 0.021875
38 0.5703125 0.428125 0.0625 0.021875
34 0.703125 0.43125 0.0609375 0.0234375