11 0.5484375 0.125 0.065625 0.0734375
12 0.6171875 0.16875 0.0703125 0.075
13 0.6625 0.225 0.071875 0.0671875
3 0.3609375 0.19375 0.0765625 0.0765625
4 0.428125 0.221875 0.06875 0.078125
5 0.50625 0.234375 0.0703125 0.0734375
19 0.284375 0.2734375 0.0875 0.0703125
21 0.340625 0.340625 0.0796875 0.0609375
20 0.43125 0.3109375 0.0828125 0.0640625
6 0.5296875 0.3078125 0.071875 0.06875
37 0.6046875 0.3125 0.0671875 0.071875
22 0.3546875 0.40625 0.078125 0.0640625
7 0.4625 0.4046875 0.0765625 0.0609375
47 0.5796875 0.43125 0.0765625 0.0640625
35 0.6359375 0.378125 0.065625 0.071875
16 0.69375 0.4125 0.05625 0.071875
24 0.40625 0.475 0.0765625 0.06875
33 0.5078125 0.4796875 0.0765625 0.0578125
0 0.6296875 0.4890625 0.0640625 0.0671875
17 0.696875 0.5015625 0.0546875 0.071875
49 0.7796875 0.54375 0.0640625 0.0640625
1 0.571875 0.534375 0.0703125 0.0671875
2 0.4765625 0.5421875 0.075 0.0578125
25 0.3875 0.5328125 0.0765625 0.065625
26 0.3515625 0.5875 0.078125 0.0671875
18 0.309375 0.6390625 0.084375 0.071875
28 0.4296875 0.6390625 0.0734375 0.05625
8 0.5203125 0.609375 0.065625 0.06875
48 0.6265625 0.609375 0.0734375 0.0578125
9 0.6765625 0.575 0.071875 0.065625
15 0.7484375 0.6125 0.0703125 0.0546875
39 0.5875 0.65625 0.075 0.06875
46 0.3734375 0.7140625 0.078125 0.0609375
27 0.45625 0.7015625 0.075 0.0578125
31 0.546875 0.7015625 0.0765625 0.0671875
10 0.653125 0.7359375 0.0609375 0.0703125
43 0.3890625 0.7828125 0.078125 0.05625
41 0.4078125 0.840625 0.0765625 0.0625
29 0.4734375 0.7640625 0.0765625 0.0578125
45 0.4921875 0.8359375 0.0765625 0.0578125
14 0.5625 0.78125 0.075 0.0671875
23 0.5859375 0.853125 0.075 0.059375