3 0.059375 0.521875 0.0640625 0.0828125
46 0.1265625 0.5234375 0.065625 0.0828125
7 0.190625 0.5296875 0.0640625 0.0828125
19 0.25625 0.525 0.0625 0.0796875
47 0.3234375 0.5234375 0.0609375 0.0828125
8 0.3890625 0.5140625 0.0640625 0.0828125
29 0.4578125 0.525 0.0640625 0.084375
1 0.525 0.528125 0.0640625 0.0828125
5 0.59375 0.5203125 0.0640625 0.084375
6 0.6640625 0.5171875 0.0671875 0.0875
15 0.734375 0.5125 0.0640625 0.084375
2 0.8046875 0.5109375 0.0625 0.0859375
25 0.878125 0.4984375 0.0625 0.0890625
49 0.9515625 0.4875 0.0625 0.0859375