3 0.534375 0.1015625 0.084375 0.0625
35 0.634375 0.165625 0.078125 0.0640625
21 0.375 0.1796875 0.084375 0.0796875
19 0.453125 0.2203125 0.0625 0.084375
47 0.5609375 0.2359375 0.0609375 0.0828125
46 0.6390625 0.2515625 0.075 0.075
22 0.2734375 0.2921875 0.071875 0.090625
7 0.3484375 0.284375 0.0703125 0.090625
20 0.421875 0.3203125 0.0640625 0.0890625
4 0.50625 0.3125 0.0859375 0.06875
11 0.5953125 0.34375 0.08125 0.0765625
24 0.3375 0.3890625 0.075 0.0890625
6 0.4375 0.4125 0.0625 0.0875
5 0.503125 0.40625 0.0625 0.0859375
37 0.5859375 0.425 0.0796875 0.0640625
12 0.6703125 0.4234375 0.0796875 0.059375
25 0.3640625 0.465625 0.0859375 0.0671875
33 0.49375 0.4875 0.0828125 0.0609375
18 0.584375 0.4921875 0.08125 0.065625
41 0.6609375 0.5171875 0.05625 0.0796875
43 0.725 0.4921875 0.0640625 0.08125
26 0.403125 0.5296875 0.0890625 0.06875
27 0.415625 0.5984375 0.0859375 0.0703125
2 0.5078125 0.603125 0.065625 0.084375
45 0.5921875 0.56875 0.0640625 0.0859375
17 0.65 0.6046875 0.05625 0.0828125
29 0.7515625 0.5671875 0.0703125 0.0703125
14 0.3296875 0.6546875 0.084375 0.0765625
8 0.4203125 0.6921875 0.0859375 0.078125
1 0.4984375 0.715625 0.06875 0.078125
49 0.575 0.6625 0.0609375 0.084375
16 0.65 0.7015625 0.0703125 0.075
0 0.7203125 0.6515625 0.0609375 0.071875
28 0.75625 0.70625 0.0609375 0.071875
31 0.3625 0.740625 0.0890625 0.0859375
39 0.459375 0.7984375 0.084375 0.078125
9 0.5703125 0.753125 0.0796875 0.0703125
13 0.7078125 0.78125 0.0578125 0.0796875
48 0.5484375 0.8171875 0.084375 0.0640625
23 0.528125 0.896875 0.0625 0.0890625
15 0.61875 0.875 0.059375 0.0890625
10 0.703125 0.8859375 0.059375 0.0828125