18 0.78125 0.5046875 0.0609375 0.053125
26 0.2875 0.5 0.065625 0.0515625
20 0.6578125 0.503125 0.0609375 0.053125
25 0.3515625 0.503125 0.05625 0.0546875
23 0.475 0.5046875 0.0546875 0.053125
10 0.69375 0.4515625 0.0515625 0.0453125
17 0.2984375 0.446875 0.0546875 0.0453125
16 0.35625 0.4484375 0.053125 0.0453125
15 0.4125 0.4515625 0.0515625 0.046875
14 0.46875 0.4515625 0.053125 0.046875
13 0.525 0.45 0.053125 0.04375
12 0.58125 0.4484375 0.0546875 0.0453125
11 0.6359375 0.45 0.053125 0.0453125
9 0.753125 0.4515625 0.05625 0.046875
24 0.4140625 0.5046875 0.0578125 0.0578125
22 0.5359375 0.5046875 0.0578125 0.0546875
21 0.596875 0.5015625 0.0578125 0.053125
19 0.7203125 0.5046875 0.0609375 0.0546875