3 0.06875 0.4875 0.0640625 0.0796875
7 0.134375 0.4953125 0.059375 0.078125
4 0.1984375 0.4953125 0.0609375 0.0796875
8 0.2609375 0.484375 0.0578125 0.0796875
49 0.321875 0.4859375 0.059375 0.075
6 0.3859375 0.490625 0.059375 0.078125
0 0.4453125 0.46875 0.05625 0.078125
17 0.5109375 0.4828125 0.0578125 0.078125
18 0.5703125 0.48125 0.0578125 0.0765625
5 0.63125 0.4734375 0.05625 0.075
8 0.69375 0.465625 0.05625 0.0765625
9 0.759375 0.4625 0.05625 0.078125
18 0.8203125 0.478125 0.0578125 0.078125
0 0.8890625 0.4828125 0.0609375 0.0796875