12 0.0640625 0.50625 0.065625 0.0859375
17 0.1328125 0.49375 0.065625 0.0828125
46 0.2015625 0.5 0.065625 0.084375
21 0.26875 0.4828125 0.0640625 0.08125
49 0.3359375 0.4671875 0.0640625 0.08125
1 0.403125 0.4546875 0.0609375 0.0828125
4 0.4703125 0.4625 0.0609375 0.08125
23 0.5359375 0.465625 0.059375 0.08125
33 0.603125 0.4484375 0.0609375 0.0828125
47 0.6671875 0.4796875 0.059375 0.0828125
27 0.73125 0.4765625 0.059375 0.084375
46 0.7953125 0.4890625 0.0578125 0.0796875
19 0.865625 0.4953125 0.0578125 0.0796875
39 0.940625 0.4984375 0.0640625 0.08125