28 0.09375 0.24375 0.0578125 0.0453125
9 0.15 0.2421875 0.053125 0.0453125
10 0.2140625 0.2375 0.05625 0.0453125
40 0.271875 0.2234375 0.0546875 0.0203125
14 0.3296875 0.23125 0.05625 0.0421875
24 0.3875 0.2296875 0.05625 0.0421875
25 0.4453125 0.228125 0.0515625 0.0421875
26 0.5015625 0.2296875 0.0546875 0.04375
11 0.5578125 0.228125 0.05625 0.04375
23 0.6125 0.2265625 0.0546875 0.0421875
32 0.6640625 0.2125 0.053125 0.01875
20 0.721875 0.2203125 0.0546875 0.0390625
42 0.76875 0.2078125 0.0515625 0.0171875
19 0.83125 0.2203125 0.0546875 0.040625
44 0.875 0.209375 0.0484375 0.0203125