25 0.0609375 0.503125 0.0640625 0.084375
14 0.1265625 0.5 0.0625 0.084375
48 0.1921875 0.521875 0.0625 0.084375
17 0.259375 0.5171875 0.065625 0.084375
26 0.325 0.5359375 0.0609375 0.0828125
9 0.3921875 0.528125 0.0625 0.0828125
23 0.4578125 0.5125 0.0609375 0.0828125
23 0.59375 0.496875 0.0609375 0.0859375
12 0.5265625 0.5046875 0.0609375 0.0859375
48 0.6640625 0.5234375 0.059375 0.0828125
20 0.7328125 0.5203125 0.0625 0.0859375
20 0.875 0.5171875 0.065625 0.0875
49 0.803125 0.5171875 0.0625 0.0859375
7 0.946875 0.503125 0.0640625 0.0859375