21 0.178125 0.3125 0.1015625 0.0625
18 0.203125 0.3859375 0.1 0.0703125
16 0.1515625 0.496875 0.1015625 0.071875
21 0.15625 0.5875 0.1125 0.075
1 0.1484375 0.6859375 0.115625 0.084375
1 0.2859375 0.6828125 0.115625 0.0875
24 0.1015625 0.790625 0.11875 0.090625
22 0.36875 0.2953125 0.0921875 0.0640625
17 0.3390625 0.3828125 0.103125 0.075
30 0.3140625 0.478125 0.046875 0.0765625
40 0.35 0.58125 0.05 0.0796875
20 0.3234375 0.7765625 0.121875 0.090625
46 0.646875 0.3078125 0.109375 0.0671875
38 0.6140625 0.390625 0.05 0.0765625
46 0.640625 0.4765625 0.1140625 0.0765625
11 0.6375 0.5640625 0.115625 0.0828125
47 0.6375 0.6578125 0.1203125 0.09375
10 0.646875 0.759375 0.125 0.103125
22 0.81875 0.2671875 0.1078125 0.06875
26 0.825 0.3578125 0.1125 0.0671875
16 0.840625 0.4453125 0.1140625 0.084375
49 0.9015625 0.5296875 0.1171875 0.084375
19 0.9125 0.625 0.128125 0.09375
12 0.921875 0.725 0.1296875 0.0984375