18 0.78125 0.5109375 0.0640625 0.046875
9 0.7640625 0.4625 0.0640625 0.0421875
12 0.5609375 0.4671875 0.0625 0.040625
26 0.234375 0.51875 0.065625 0.046875
11 0.628125 0.465625 0.0640625 0.0421875
17 0.2203125 0.46875 0.065625 0.04375
16 0.2890625 0.465625 0.0671875 0.04375
15 0.3578125 0.4671875 0.0640625 0.0453125
14 0.4265625 0.465625 0.065625 0.04375
13 0.4953125 0.4671875 0.0640625 0.0453125
10 0.6953125 0.465625 0.0671875 0.04375
25 0.3046875 0.5140625 0.0671875 0.0453125
24 0.375 0.5140625 0.0671875 0.046875
23 0.4421875 0.515625 0.0640625 0.0453125
22 0.509375 0.515625 0.065625 0.0421875
21 0.5765625 0.5140625 0.065625 0.04375
20 0.6453125 0.5125 0.065625 0.04375
19 0.7125 0.5140625 0.0671875 0.04375