32 0.5578125 0.503125 0.0640625 0.028125
28 0.3609375 0.4203125 0.0625 0.0515625
36 0.2578125 0.496875 0.08125 0.028125
40 0.409375 0.5 0.0703125 0.028125
42 0.7078125 0.5046875 0.0625 0.0234375
38 0.484375 0.5015625 0.065625 0.0265625
29 0.4296875 0.4203125 0.0625 0.05
27 0.29375 0.4171875 0.0640625 0.0515625
47 0.4953125 0.4203125 0.0640625 0.053125
49 0.5609375 0.425 0.0640625 0.053125
48 0.628125 0.421875 0.065625 0.053125
46 0.696875 0.4203125 0.0671875 0.053125
34 0.334375 0.5015625 0.075 0.028125
44 0.6328125 0.503125 0.0671875 0.0265625
30 0.78125 0.4984375 0.0671875 0.0265625