28 0.0578125 0.50625 0.0625 0.08125
24 0.13125 0.5 0.0609375 0.08125
1 0.1984375 0.5015625 0.0609375 0.08125
13 0.2671875 0.5 0.0625 0.08125
16 0.33125 0.4828125 0.0609375 0.0828125
41 0.4 0.5 0.059375 0.0796875
37 0.465625 0.4796875 0.059375 0.0828125
27 0.53125 0.478125 0.059375 0.08125
21 0.5984375 0.478125 0.0625 0.08125
12 0.665625 0.46875 0.0640625 0.0828125
17 0.73125 0.4796875 0.0625 0.0828125
46 0.7984375 0.4953125 0.0640625 0.08125
21 0.8671875 0.490625 0.0625 0.0828125
49 0.934375 0.4828125 0.0625 0.0828125