40 0.3671875 0.4625 0.03125 0.0375
28 0.3359375 0.421875 0.075 0.0375
36 0.184375 0.459375 0.0359375 0.0390625
44 0.628125 0.4671875 0.028125 0.04375
27 0.2484375 0.41875 0.08125 0.0375
29 0.4171875 0.421875 0.0796875 0.0390625
47 0.5 0.4234375 0.0796875 0.0375
49 0.58125 0.425 0.0796875 0.0375
48 0.6625 0.425 0.08125 0.0359375
46 0.7453125 0.425 0.078125 0.0375
34 0.275 0.4640625 0.0359375 0.04375
38 0.453125 0.4671875 0.0375 0.0390625
32 0.540625 0.4671875 0.0328125 0.040625
42 0.7125 0.465625 0.0296875 0.040625
30 0.8 0.4640625 0.0390625 0.040625