14 0.075 0.5234375 0.059375 0.0828125
15 0.1390625 0.5234375 0.0609375 0.084375
1 0.2046875 0.509375 0.059375 0.08125
16 0.26875 0.521875 0.0609375 0.084375
24 0.334375 0.525 0.0609375 0.084375
14 0.3984375 0.540625 0.0609375 0.0859375
48 0.465625 0.5328125 0.059375 0.08125
26 0.534375 0.5265625 0.059375 0.08125
12 0.6046875 0.5203125 0.0640625 0.084375
7 0.675 0.5296875 0.065625 0.0828125
0 0.7453125 0.515625 0.0640625 0.0828125
8 0.8171875 0.5046875 0.0640625 0.084375
10 0.8875 0.5078125 0.0671875 0.0859375
4 0.959375 0.4890625 0.0671875 0.0859375