18 0.7484375 0.528125 0.05 0.065625
21 0.5921875 0.525 0.0484375 0.065625
23 0.4890625 0.5296875 0.0484375 0.065625
25 0.3859375 0.528125 0.046875 0.0671875
15 0.43125 0.4578125 0.0484375 0.065625
26 0.33125 0.525 0.053125 0.0671875
20 0.64375 0.5265625 0.0484375 0.0671875
12 0.584375 0.453125 0.046875 0.065625
9 0.740625 0.4546875 0.0484375 0.065625
16 0.3796875 0.4546875 0.046875 0.065625
17 0.3265625 0.4515625 0.05 0.0671875
14 0.4828125 0.4578125 0.046875 0.0671875
13 0.534375 0.45625 0.0484375 0.065625
11 0.6375 0.4546875 0.05 0.065625
10 0.6890625 0.45625 0.0484375 0.0671875
24 0.4375 0.5296875 0.0484375 0.065625
22 0.540625 0.528125 0.046875 0.065625
19 0.6953125 0.528125 0.05 0.06875