18 0.078125 0.4984375 0.0625 0.078125
4 0.1421875 0.5078125 0.059375 0.0796875
19 0.2046875 0.4953125 0.059375 0.0765625
21 0.26875 0.49375 0.0640625 0.0796875
13 0.3296875 0.5 0.059375 0.0765625
10 0.3890625 0.4984375 0.0609375 0.078125
46 0.45 0.5046875 0.059375 0.0796875
19 0.5140625 0.509375 0.059375 0.0765625
22 0.571875 0.5046875 0.0609375 0.0796875
39 0.634375 0.5 0.0640625 0.0796875
46 0.696875 0.496875 0.0578125 0.078125
1 0.75625 0.496875 0.0578125 0.078125
17 0.81875 0.490625 0.0578125 0.0734375
17 0.878125 0.4921875 0.0609375 0.0765625