10 0.375 0.490625 0.059375 0.0578125
18 0.3296875 0.4359375 0.0578125 0.046875
22 0.5640625 0.4484375 0.053125 0.0453125
9 0.309375 0.4890625 0.0625 0.059375
25 0.7421875 0.45625 0.053125 0.0484375
12 0.5015625 0.4984375 0.0578125 0.0578125
21 0.5046875 0.44375 0.0546875 0.0453125
19 0.3890625 0.4375 0.05625 0.0453125
20 0.446875 0.4421875 0.0546875 0.046875
23 0.6234375 0.45 0.05625 0.046875
24 0.6828125 0.4515625 0.059375 0.0484375
26 0.803125 0.45625 0.0640625 0.05
11 0.4390625 0.4953125 0.059375 0.05625
13 0.565625 0.5015625 0.0609375 0.05625
14 0.628125 0.5046875 0.0640625 0.0609375
15 0.6953125 0.5078125 0.0640625 0.059375
16 0.7609375 0.5109375 0.0625 0.0546875
17 0.828125 0.5140625 0.065625 0.059375