9 0.2234375 0.5171875 0.0703125 0.053125
18 0.2140625 0.4609375 0.06875 0.0484375
20 0.3640625 0.459375 0.0703125 0.05
23 0.5828125 0.4546875 0.06875 0.046875
26 0.8046875 0.45 0.06875 0.05
24 0.65625 0.4546875 0.06875 0.046875
11 0.378125 0.5140625 0.0703125 0.05
19 0.2890625 0.4578125 0.0703125 0.05
21 0.4375 0.4609375 0.06875 0.05
22 0.509375 0.459375 0.06875 0.05
25 0.7296875 0.4515625 0.06875 0.0484375
10 0.3046875 0.5109375 0.0734375 0.046875
12 0.453125 0.515625 0.06875 0.046875
13 0.525 0.515625 0.0671875 0.0484375
14 0.5984375 0.5078125 0.071875 0.05
15 0.6734375 0.5078125 0.0703125 0.05
16 0.746875 0.5046875 0.071875 0.0484375
17 0.8234375 0.503125 0.06875 0.0484375