20 0.071875 0.503125 0.0609375 0.08125
24 0.140625 0.5046875 0.059375 0.08125
24 0.2078125 0.5046875 0.0609375 0.08125
33 0.271875 0.5109375 0.0609375 0.08125
14 0.3390625 0.5109375 0.0578125 0.0828125
47 0.4046875 0.5171875 0.0578125 0.08125
28 0.46875 0.50625 0.0578125 0.0796875
1 0.5328125 0.5 0.0578125 0.078125
13 0.596875 0.5 0.0578125 0.0796875
16 0.6625 0.5109375 0.0609375 0.078125
41 0.725 0.5046875 0.0578125 0.0796875
23 0.7875 0.5 0.0578125 0.0765625
27 0.8515625 0.5015625 0.0609375 0.0765625
4 0.9140625 0.5140625 0.0578125 0.078125