18 0.0734375 0.378125 0.028125 0.0484375
18 0.103125 0.365625 0.025 0.05625
19 0.1359375 0.3640625 0.028125 0.05625
19 0.16875 0.3515625 0.03125 0.05
20 0.06875 0.440625 0.025 0.053125
20 0.0984375 0.4375 0.028125 0.05
21 0.1265625 0.4359375 0.0265625 0.0515625
21 0.1609375 0.425 0.0296875 0.05
22 0.0578125 0.5078125 0.025 0.05
22 0.0875 0.5046875 0.0234375 0.053125
23 0.1171875 0.5109375 0.0296875 0.05625
23 0.1515625 0.4953125 0.0296875 0.0578125
24 0.05625 0.56875 0.0265625 0.0515625
24 0.0859375 0.58125 0.028125 0.0578125
25 0.1171875 0.5796875 0.0265625 0.059375
25 0.153125 0.5734375 0.0328125 0.059375
26 0.065625 0.6515625 0.028125 0.05625
26 0.1046875 0.6609375 0.0359375 0.0625