9 0.084375 0.490625 0.0640625 0.1234375
10 0.1453125 0.490625 0.0609375 0.125
11 0.20625 0.490625 0.0609375 0.121875
3 0.26875 0.490625 0.0609375 0.1171875
3 0.33125 0.4875 0.0578125 0.11875
3 0.3953125 0.4875 0.059375 0.121875
14 0.4578125 0.484375 0.059375 0.1140625
14 0.521875 0.48125 0.059375 0.115625
14 0.584375 0.48125 0.0625 0.1203125
19 0.646875 0.475 0.059375 0.1171875
20 0.7125 0.471875 0.0625 0.1203125
21 0.778125 0.471875 0.0640625 0.115625
46 0.8421875 0.471875 0.0625 0.115625
46 0.90625 0.46875 0.0640625 0.1203125