11 0.578125 0.55625 0.0796875 0.075
10 0.4015625 0.5578125 0.08125 0.0765625
46 0.2890625 0.4171875 0.0703125 0.059375
10 0.490625 0.55625 0.0796875 0.075
46 0.509375 0.4171875 0.065625 0.05625
46 0.4375 0.41875 0.065625 0.05625
49 0.3109375 0.559375 0.0859375 0.075
49 0.215625 0.5609375 0.0875 0.075
46 0.3640625 0.4171875 0.0671875 0.0578125
49 0.11875 0.5625 0.0890625 0.078125
47 0.58125 0.41875 0.0671875 0.05625
48 0.046875 0.415625 0.078125 0.0625
12 0.6671875 0.55625 0.0828125 0.075
48 0.128125 0.415625 0.075 0.0609375
48 0.209375 0.4171875 0.0734375 0.0609375
47 0.6546875 0.415625 0.06875 0.0546875
47 0.7234375 0.4171875 0.0703125 0.0546875