25 0.503125 0.4984375 0.0328125 0.0359375
24 0.4640625 0.5046875 0.0359375 0.0359375
17 0.346875 0.5234375 0.0390625 0.0375
21 0.3875 0.515625 0.0375 0.034375
17 0.30625 0.5296875 0.0390625 0.0375
10 0.178125 0.55 0.0421875 0.040625
23 0.4265625 0.509375 0.034375 0.0359375
12 0.2203125 0.54375 0.040625 0.0390625
3 0.5390625 0.4921875 0.034375 0.0359375
10 0.13125 0.55625 0.04375 0.040625
7 0.646875 0.475 0.0328125 0.0390625
16 0.2640625 0.5375 0.0390625 0.0375
4 0.5765625 0.4859375 0.0328125 0.0359375
8 0.6828125 0.46875 0.0328125 0.0359375
5 0.6109375 0.48125 0.0328125 0.0375
8 0.71875 0.4640625 0.034375 0.0375