8 0.509375 0.3671875 0.078125 0.0625
17 0.38125 0.5046875 0.084375 0.0859375
16 0.1921875 0.5359375 0.0890625 0.0890625
10 0.5890625 0.3515625 0.075 0.0640625
10 0.66875 0.3390625 0.075 0.0625
25 0.6515625 0.4609375 0.078125 0.084375
7 0.3375 0.390625 0.084375 0.0640625
24 0.5625 0.475 0.084375 0.084375
5 0.909375 0.415625 0.0796875 0.078125
14 0.0921875 0.5484375 0.0921875 0.09375
6 0.425 0.3765625 0.08125 0.0640625
3 0.7359375 0.446875 0.0796875 0.08125
10 0.7484375 0.325 0.0765625 0.0625
17 0.2875 0.51875 0.0859375 0.0875
4 0.8234375 0.4328125 0.078125 0.084375
23 0.471875 0.4890625 0.084375 0.0921875