9 0.2359375 0.4796875 0.06875 0.0578125
28 0.5265625 0.4328125 0.0640625 0.0546875
28 0.5953125 0.421875 0.0640625 0.053125
6 0.9390625 0.378125 0.0671875 0.053125
9 0.159375 0.4921875 0.0703125 0.0578125
28 0.6640625 0.4125 0.0640625 0.053125
15 0.5125 0.540625 0.0734375 0.0734375
5 0.8671875 0.3875 0.0671875 0.0515625
9 0.08125 0.503125 0.0703125 0.059375
4 0.8 0.39375 0.0640625 0.0515625
21 0.7390625 0.50625 0.0703125 0.0703125
28 0.73125 0.4046875 0.0625 0.0515625
8 0.3109375 0.465625 0.071875 0.059375
20 0.6640625 0.515625 0.0703125 0.06875
15 0.590625 0.528125 0.06875 0.0703125
8 0.45625 0.4453125 0.06875 0.05625
8 0.384375 0.45625 0.0703125 0.059375