18 0.3125 0.54375 0.0734375 0.0703125
7 0.8203125 0.4703125 0.065625 0.0703125
6 0.75 0.4796875 0.065625 0.06875
13 0.0734375 0.5828125 0.0765625 0.0765625
1 0.4640625 0.5234375 0.0671875 0.0671875
17 0.234375 0.55625 0.0703125 0.071875
19 0.3890625 0.5328125 0.0703125 0.06875
15 0.15625 0.56875 0.0734375 0.0734375
2 0.5375 0.5109375 0.0671875 0.0671875
24 0.8875 0.459375 0.0625 0.0671875
4 0.609375 0.5 0.0671875 0.0703125
26 0.95625 0.453125 0.0671875 0.0671875
4 0.6796875 0.4890625 0.065625 0.0703125
47 0.5984375 0.4046875 0.0640625 0.05
47 0.73125 0.3859375 0.0625 0.0484375
47 0.6640625 0.396875 0.0625 0.05