13 0.2328125 0.5296875 0.0421875 0.04375
9 0.140625 0.5453125 0.0453125 0.04375
24 0.4484375 0.4921875 0.0390625 0.0375
26 0.5671875 0.471875 0.0359375 0.0359375
19 0.3234375 0.5140625 0.040625 0.0390625
20 0.365625 0.50625 0.0421875 0.0375
47 0.6046875 0.465625 0.0328125 0.0359375
26 0.528125 0.4796875 0.0359375 0.0375
11 0.1875 0.5375 0.04375 0.0421875
25 0.4890625 0.4859375 0.0359375 0.0390625
22 0.4078125 0.4984375 0.0375 0.0359375
19 0.278125 0.521875 0.0421875 0.040625
5 0.678125 0.453125 0.034375 0.0375
7 0.7140625 0.4453125 0.0328125 0.0375
47 0.640625 0.4578125 0.034375 0.0359375
27 0.7484375 0.4421875 0.03125 0.034375