2 0.1359375 0.346875 0.05625 0.0578125
3 0.190625 0.35 0.053125 0.0578125
4 0.246875 0.3484375 0.0578125 0.0578125
30 0.3046875 0.33125 0.059375 0.028125
29 0.359375 0.3484375 0.0546875 0.0578125
46 0.4171875 0.3484375 0.0546875 0.059375
27 0.4734375 0.3484375 0.0546875 0.0578125
1 0.528125 0.3484375 0.0515625 0.059375
11 0.584375 0.3484375 0.053125 0.059375
28 0.6421875 0.35 0.05625 0.0578125
22 0.6984375 0.35 0.059375 0.0578125
32 0.7546875 0.3328125 0.059375 0.0234375
18 0.8109375 0.35 0.0609375 0.0578125
19 0.86875 0.35 0.0640625 0.0578125
44 0.1015625 0.478125 0.0625 0.03125
8 0.1640625 0.4609375 0.0609375 0.0671875
15 0.221875 0.4609375 0.059375 0.065625
7 0.2828125 0.4640625 0.0609375 0.0640625
6 0.34375 0.4640625 0.0609375 0.065625
16 0.4046875 0.4625 0.0609375 0.0640625
47 0.4640625 0.4625 0.05625 0.065625
24 0.5234375 0.4609375 0.05625 0.065625
25 0.584375 0.4609375 0.0578125 0.0640625
0 0.6453125 0.4609375 0.059375 0.0671875
36 0.7046875 0.4421875 0.0625 0.025
21 0.765625 0.4625 0.0640625 0.0671875
38 0.828125 0.44375 0.065625 0.0296875
26 0.8890625 0.4625 0.071875 0.0671875
13 0.06875 0.5953125 0.065625 0.0765625
42 0.1328125 0.5703125 0.0671875 0.028125
23 0.196875 0.5953125 0.065625 0.078125
48 0.2625 0.596875 0.0640625 0.0765625
34 0.328125 0.6203125 0.0640625 0.0296875
5 0.39375 0.5953125 0.0625 0.0765625
40 0.4578125 0.56875 0.0625 0.03125
49 0.5234375 0.5921875 0.0625 0.0765625
10 0.5890625 0.5921875 0.0640625 0.0765625
20 0.6546875 0.59375 0.0671875 0.0765625
9 0.71875 0.5953125 0.0703125 0.078125
12 0.7828125 0.5921875 0.0703125 0.0765625
14 0.8484375 0.5921875 0.0734375 0.075
17 0.915625 0.590625 0.0765625 0.078125