0 0.1140625 0.30625 0.0578125 0.05625
1 0.1703125 0.30625 0.0546875 0.053125
2 0.228125 0.3046875 0.05625 0.0546875
3 0.2828125 0.3046875 0.0546875 0.0546875
4 0.3390625 0.303125 0.053125 0.0546875
5 0.3953125 0.303125 0.0515625 0.05625
6 0.4515625 0.3046875 0.053125 0.05625
7 0.5078125 0.3078125 0.0546875 0.0546875
8 0.5640625 0.309375 0.05625 0.05625
28 0.6203125 0.309375 0.05625 0.0546875
27 0.6765625 0.309375 0.0546875 0.05625
29 0.7296875 0.296875 0.05625 0.0546875
49 0.7875 0.30625 0.0609375 0.0546875
47 0.8453125 0.309375 0.0625 0.0546875
9 0.2125 0.415625 0.059375 0.065625
10 0.271875 0.421875 0.0578125 0.0640625
11 0.3328125 0.4203125 0.059375 0.065625
12 0.39375 0.4203125 0.059375 0.065625
13 0.45625 0.4203125 0.059375 0.065625
14 0.515625 0.4234375 0.059375 0.065625
15 0.5765625 0.4265625 0.059375 0.0671875
16 0.6375 0.4328125 0.0609375 0.0640625
17 0.6984375 0.4328125 0.0609375 0.06875
39 0.1546875 0.575 0.0703125 0.078125
31 0.225 0.56875 0.06875 0.078125
37 0.290625 0.571875 0.0671875 0.078125
35 0.3578125 0.571875 0.0640625 0.078125
33 0.4265625 0.5609375 0.0625 0.0796875
43 0.49375 0.5640625 0.0609375 0.078125
41 0.559375 0.56875 0.0640625 0.078125
45 0.6265625 0.5609375 0.0671875 0.078125
46 0.6921875 0.56875 0.0703125 0.078125
48 0.7609375 0.565625 0.0734375 0.0796875
18 0.159375 0.7140625 0.071875 0.09375
19 0.2328125 0.725 0.0734375 0.0953125
20 0.30625 0.7296875 0.071875 0.09375
21 0.378125 0.7296875 0.0703125 0.0953125
22 0.4515625 0.73125 0.0703125 0.096875
23 0.5265625 0.7203125 0.071875 0.0953125
24 0.5984375 0.728125 0.071875 0.096875
25 0.6734375 0.7359375 0.075 0.096875
26 0.7484375 0.7359375 0.08125 0.096875