39 0.225 0.3515625 0.053125 0.05
31 0.278125 0.3515625 0.0578125 0.05
37 0.33125 0.353125 0.053125 0.053125
35 0.384375 0.353125 0.053125 0.0515625
33 0.4375 0.353125 0.05 0.0515625
43 0.490625 0.3546875 0.0515625 0.0515625
41 0.54375 0.35625 0.0515625 0.05
45 0.5984375 0.3578125 0.0515625 0.0515625
46 0.6515625 0.359375 0.053125 0.053125
48 0.7046875 0.35625 0.05625 0.0515625
18 0.234375 0.4515625 0.0546875 0.0609375
19 0.2921875 0.453125 0.0578125 0.0609375
20 0.3484375 0.453125 0.059375 0.0609375
21 0.40625 0.4515625 0.0578125 0.0609375
22 0.4640625 0.453125 0.05625 0.0625
23 0.521875 0.4546875 0.05625 0.0609375
24 0.5796875 0.453125 0.0546875 0.0609375
25 0.6390625 0.45625 0.0578125 0.0609375
26 0.696875 0.4578125 0.0609375 0.0609375
0 0.06875 0.5421875 0.0640625 0.0703125
1 0.13125 0.54375 0.0609375 0.06875
2 0.1921875 0.54375 0.059375 0.06875
3 0.253125 0.5421875 0.0625 0.06875
4 0.3171875 0.5421875 0.065625 0.06875
5 0.3796875 0.5421875 0.05625 0.0703125
6 0.4421875 0.5453125 0.0609375 0.06875
7 0.5015625 0.55 0.059375 0.0703125
8 0.565625 0.553125 0.0609375 0.06875
28 0.6265625 0.5546875 0.0625 0.071875
27 0.6875 0.55625 0.065625 0.0703125
29 0.7515625 0.55625 0.0671875 0.071875
49 0.8125 0.55625 0.065625 0.0703125
47 0.8765625 0.5578125 0.075 0.071875
9 0.18125 0.6765625 0.0734375 0.08125
10 0.246875 0.678125 0.06875 0.08125
11 0.3171875 0.6765625 0.0671875 0.0828125
12 0.384375 0.6765625 0.0671875 0.0828125
13 0.4515625 0.675 0.0671875 0.0828125
14 0.5203125 0.678125 0.0640625 0.08125
15 0.5890625 0.6796875 0.0671875 0.08125
16 0.6546875 0.6828125 0.06875 0.084375
17 0.7234375 0.6859375 0.0734375 0.0828125