33 0.196875 0.271875 0.059375 0.08125
35 0.259375 0.2765625 0.059375 0.0796875
37 0.3203125 0.275 0.059375 0.078125
31 0.3828125 0.275 0.059375 0.078125
39 0.44375 0.2796875 0.059375 0.078125
48 0.5046875 0.2828125 0.0578125 0.078125
46 0.565625 0.28125 0.0578125 0.078125
45 0.625 0.284375 0.05625 0.078125
41 0.6859375 0.2796875 0.0578125 0.0765625
43 0.7453125 0.2859375 0.0578125 0.075
22 0.2625 0.4140625 0.0578125 0.078125
21 0.3234375 0.415625 0.0578125 0.078125
20 0.3859375 0.4171875 0.059375 0.078125
19 0.446875 0.4171875 0.0578125 0.078125
18 0.5078125 0.425 0.059375 0.078125
26 0.56875 0.421875 0.059375 0.0796875
25 0.628125 0.4265625 0.0578125 0.078125
24 0.6890625 0.425 0.0578125 0.0765625
23 0.75 0.4125 0.0578125 0.0796875
7 0.1015625 0.546875 0.059375 0.078125
6 0.1625 0.546875 0.0625 0.0765625
5 0.225 0.5453125 0.0578125 0.078125
4 0.2875 0.540625 0.059375 0.078125
3 0.3484375 0.540625 0.059375 0.0765625
2 0.409375 0.5453125 0.0578125 0.0765625
1 0.4703125 0.5421875 0.059375 0.0765625
0 0.53125 0.540625 0.0578125 0.0765625
47 0.590625 0.55 0.0578125 0.0765625
49 0.6515625 0.5515625 0.0578125 0.078125
29 0.7125 0.553125 0.059375 0.078125
27 0.771875 0.5546875 0.05625 0.0796875
28 0.8328125 0.546875 0.0578125 0.078125
8 0.8921875 0.546875 0.0578125 0.0765625
13 0.259375 0.6984375 0.0578125 0.0765625
12 0.3203125 0.7015625 0.0578125 0.078125
11 0.3828125 0.6984375 0.0578125 0.078125
10 0.4421875 0.696875 0.05625 0.078125
9 0.503125 0.7046875 0.0578125 0.078125
17 0.5640625 0.7046875 0.0578125 0.0796875
16 0.6234375 0.709375 0.05625 0.0765625
15 0.684375 0.709375 0.0578125 0.078125
14 0.7453125 0.7046875 0.05625 0.075