7 0.078125 0.265625 0.05625 0.075
6 0.1359375 0.2453125 0.05625 0.0734375
5 0.196875 0.246875 0.0546875 0.075
4 0.25625 0.240625 0.05625 0.075
3 0.3171875 0.240625 0.05625 0.075
2 0.3765625 0.2453125 0.0546875 0.075
1 0.4359375 0.2453125 0.0546875 0.075
0 0.4953125 0.24375 0.05625 0.075
47 0.5515625 0.2546875 0.0546875 0.075
49 0.6109375 0.2578125 0.0546875 0.075
29 0.6703125 0.2578125 0.0546875 0.0765625
27 0.728125 0.2609375 0.05625 0.0734375
28 0.7875 0.253125 0.05625 0.075
8 0.8453125 0.253125 0.05625 0.0765625
13 0.2671875 0.396875 0.05625 0.075
12 0.3265625 0.4015625 0.05625 0.075
11 0.384375 0.39375 0.0546875 0.075
10 0.44375 0.390625 0.05625 0.0734375
9 0.5015625 0.4046875 0.0546875 0.075
17 0.559375 0.4046875 0.053125 0.0765625
16 0.6171875 0.4125 0.05625 0.0734375
15 0.6765625 0.4046875 0.05625 0.0765625
14 0.734375 0.409375 0.0578125 0.0734375
33 0.2390625 0.5453125 0.0546875 0.075
35 0.2984375 0.55 0.05625 0.078125
37 0.3578125 0.546875 0.0578125 0.075
31 0.415625 0.553125 0.0546875 0.0765625
39 0.4734375 0.55 0.0515625 0.075
48 0.5328125 0.5484375 0.0546875 0.075
46 0.590625 0.5453125 0.0546875 0.0734375
45 0.6484375 0.5578125 0.0578125 0.0765625
41 0.7078125 0.5546875 0.0578125 0.0765625
43 0.7671875 0.559375 0.05625 0.0734375
22 0.2671875 0.6875 0.05625 0.075
21 0.3265625 0.703125 0.05625 0.075
20 0.3859375 0.7 0.05625 0.075
19 0.44375 0.6953125 0.05625 0.075
18 0.503125 0.7 0.05625 0.075
26 0.5609375 0.6984375 0.0546875 0.0734375
25 0.6203125 0.6953125 0.05625 0.075
24 0.678125 0.7015625 0.05625 0.0734375
23 0.7359375 0.703125 0.05625 0.0734375