39 0.2328125 0.34375 0.0546875 0.0578125
31 0.290625 0.3453125 0.05625 0.0546875
37 0.346875 0.3453125 0.0546875 0.05625
35 0.403125 0.3453125 0.0546875 0.0546875
33 0.459375 0.346875 0.05625 0.0578125
43 0.515625 0.3484375 0.0546875 0.05625
41 0.571875 0.35 0.05625 0.05625
45 0.6265625 0.353125 0.0546875 0.05625
46 0.6828125 0.3546875 0.05625 0.05625
48 0.7375 0.3515625 0.059375 0.0578125
18 0.2453125 0.453125 0.0625 0.065625
19 0.309375 0.453125 0.0609375 0.0671875
20 0.3703125 0.4546875 0.059375 0.0671875
21 0.43125 0.4546875 0.059375 0.065625
22 0.490625 0.453125 0.05625 0.065625
23 0.553125 0.45625 0.05625 0.0640625
24 0.6109375 0.4546875 0.0578125 0.065625
25 0.671875 0.4578125 0.0625 0.0640625
26 0.7328125 0.459375 0.065625 0.0640625
0 0.0734375 0.5515625 0.06875 0.078125
1 0.1421875 0.553125 0.0671875 0.0734375
2 0.2078125 0.5515625 0.065625 0.0734375
3 0.2734375 0.55 0.0640625 0.075
4 0.340625 0.5515625 0.0640625 0.0734375
5 0.40625 0.5515625 0.0609375 0.0734375
6 0.4703125 0.5546875 0.0609375 0.075
7 0.534375 0.559375 0.0625 0.0734375
8 0.6 0.5625 0.0640625 0.075
28 0.6625 0.5640625 0.0640625 0.0765625
27 0.728125 0.5640625 0.0671875 0.0765625
29 0.7921875 0.565625 0.0703125 0.075
49 0.85625 0.5640625 0.071875 0.078125
47 0.9203125 0.565625 0.078125 0.078125
9 0.2 0.696875 0.071875 0.0921875
10 0.2703125 0.6984375 0.0703125 0.090625
11 0.34375 0.6953125 0.0703125 0.090625
12 0.4140625 0.69375 0.0703125 0.090625
13 0.4859375 0.69375 0.06875 0.0875
14 0.5578125 0.6953125 0.071875 0.0875
15 0.6265625 0.696875 0.0703125 0.0875
16 0.6984375 0.6984375 0.0734375 0.0859375
17 0.76875 0.703125 0.075 0.0859375