0 0.0921875 0.259375 0.0578125 0.075
1 0.1515625 0.2578125 0.059375 0.0734375
2 0.2125 0.25625 0.0578125 0.075
3 0.2734375 0.25625 0.059375 0.075
4 0.3328125 0.2546875 0.0578125 0.0734375
5 0.39375 0.2546875 0.059375 0.0734375
6 0.4546875 0.2578125 0.059375 0.0765625
7 0.5140625 0.259375 0.059375 0.0765625
8 0.575 0.2609375 0.0578125 0.0734375
28 0.634375 0.2609375 0.0578125 0.0734375
27 0.69375 0.2609375 0.059375 0.0734375
29 0.7546875 0.24375 0.059375 0.075
49 0.815625 0.25625 0.059375 0.0765625
47 0.8765625 0.2609375 0.0578125 0.075
9 0.221875 0.396875 0.0578125 0.0765625
10 0.28125 0.40625 0.0578125 0.0765625
11 0.3421875 0.403125 0.0578125 0.075
12 0.403125 0.403125 0.059375 0.0765625
13 0.4625 0.403125 0.0578125 0.078125
14 0.5234375 0.40625 0.05625 0.0765625
15 0.584375 0.409375 0.05625 0.0765625
16 0.64375 0.4171875 0.059375 0.075
17 0.70625 0.4140625 0.059375 0.075
39 0.1984375 0.5703125 0.0578125 0.078125
31 0.259375 0.5640625 0.059375 0.078125
37 0.3203125 0.565625 0.059375 0.078125
35 0.3828125 0.565625 0.0578125 0.0765625
33 0.4421875 0.5546875 0.0578125 0.078125
43 0.5046875 0.5578125 0.0578125 0.0765625
41 0.5640625 0.5609375 0.0578125 0.078125
45 0.625 0.5546875 0.059375 0.0765625
46 0.6859375 0.5609375 0.059375 0.078125
48 0.746875 0.5578125 0.0578125 0.0765625
18 0.228125 0.69375 0.05625 0.078125
19 0.2875 0.7015625 0.0578125 0.078125
20 0.35 0.7078125 0.0578125 0.078125
21 0.4109375 0.7078125 0.05625 0.078125
22 0.471875 0.7078125 0.0578125 0.078125
23 0.534375 0.6984375 0.0578125 0.078125
24 0.59375 0.7046875 0.05625 0.0796875
25 0.6546875 0.709375 0.0578125 0.078125
26 0.7171875 0.709375 0.059375 0.078125