2 0.1015625 0.3140625 0.0546875 0.071875
3 0.1609375 0.3125 0.0578125 0.0734375
4 0.21875 0.315625 0.05625 0.0734375
30 0.278125 0.29375 0.0546875 0.028125
29 0.3390625 0.315625 0.0578125 0.0734375
46 0.3984375 0.315625 0.05625 0.0734375
27 0.45625 0.315625 0.05625 0.0734375
1 0.515625 0.315625 0.0578125 0.0734375
11 0.575 0.315625 0.05625 0.0734375
28 0.6328125 0.3171875 0.0578125 0.0734375
22 0.6921875 0.3203125 0.0578125 0.0734375
32 0.7515625 0.2984375 0.0578125 0.0265625
18 0.8109375 0.31875 0.059375 0.071875
19 0.8703125 0.31875 0.0546875 0.0734375
44 0.0921875 0.4703125 0.05625 0.03125
8 0.153125 0.4484375 0.05625 0.075
15 0.2125 0.4484375 0.05625 0.075
7 0.271875 0.453125 0.05625 0.075
6 0.33125 0.4515625 0.05625 0.071875
16 0.3921875 0.4515625 0.0578125 0.0734375
47 0.4515625 0.45 0.05625 0.0734375
24 0.509375 0.45 0.05625 0.071875
25 0.56875 0.45 0.0578125 0.071875
0 0.6296875 0.45 0.0578125 0.0734375
36 0.6890625 0.4265625 0.05625 0.025
21 0.746875 0.4515625 0.059375 0.071875
38 0.8078125 0.43125 0.05625 0.0265625
26 0.8671875 0.453125 0.0609375 0.0734375
13 0.0890625 0.5875 0.05625 0.0765625
42 0.15 0.5625 0.0578125 0.025
23 0.209375 0.5890625 0.0578125 0.075
48 0.26875 0.5890625 0.05625 0.075
34 0.3296875 0.6125 0.0578125 0.028125
5 0.3890625 0.5875 0.0578125 0.075
40 0.4484375 0.565625 0.05625 0.0296875
49 0.5109375 0.5859375 0.0578125 0.075
10 0.56875 0.584375 0.05625 0.075
20 0.6296875 0.5875 0.059375 0.0765625
9 0.6890625 0.5875 0.05625 0.075
12 0.7484375 0.5859375 0.059375 0.075
14 0.8078125 0.584375 0.059375 0.0765625
17 0.86875 0.584375 0.0578125 0.075