33 0.23125 0.31875 0.0515625 0.053125
35 0.2859375 0.3203125 0.0546875 0.053125
37 0.340625 0.31875 0.053125 0.053125
31 0.396875 0.3171875 0.053125 0.053125
39 0.4515625 0.3203125 0.053125 0.053125
48 0.50625 0.321875 0.053125 0.0546875
46 0.5609375 0.3203125 0.0515625 0.0546875
45 0.615625 0.321875 0.0546875 0.053125
41 0.6703125 0.315625 0.0546875 0.053125
43 0.7265625 0.321875 0.059375 0.053125
22 0.2703125 0.421875 0.059375 0.0609375
21 0.33125 0.421875 0.05625 0.0625
20 0.390625 0.4234375 0.0578125 0.0625
40 0.4484375 0.421875 0.05625 0.0625
18 0.5078125 0.4265625 0.0578125 0.0625
26 0.5671875 0.4234375 0.059375 0.0609375
25 0.628125 0.428125 0.059375 0.0609375
24 0.6875 0.4265625 0.0609375 0.0609375
23 0.746875 0.415625 0.0640625 0.0625
7 0.084375 0.5375 0.06875 0.0734375
6 0.1484375 0.5375 0.059375 0.0734375
5 0.2140625 0.5359375 0.065625 0.0734375
4 0.278125 0.5296875 0.0671875 0.071875
3 0.34375 0.53125 0.0625 0.071875
2 0.40625 0.534375 0.0625 0.0734375
1 0.46875 0.53125 0.0609375 0.071875
0 0.5328125 0.528125 0.0609375 0.071875
47 0.5984375 0.5375 0.0640625 0.071875
49 0.6625 0.5390625 0.065625 0.0734375
29 0.728125 0.5390625 0.06875 0.0734375
27 0.7921875 0.540625 0.0703125 0.075
28 0.85625 0.5328125 0.071875 0.071875
8 0.921875 0.53125 0.0765625 0.0734375
13 0.2203125 0.69375 0.06875 0.090625
12 0.290625 0.696875 0.06875 0.0890625
11 0.3640625 0.69375 0.071875 0.0890625
10 0.434375 0.6921875 0.06875 0.0890625
9 0.5046875 0.7015625 0.0703125 0.0921875
17 0.5765625 0.703125 0.0703125 0.0921875
16 0.6484375 0.7078125 0.0734375 0.090625
15 0.7203125 0.7078125 0.075 0.0890625
14 0.79375 0.703125 0.08125 0.0921875