11 0.5015625 0.496875 0.0671875 0.065625
10 0.428125 0.4921875 0.0671875 0.065625
12 0.575 0.4984375 0.0671875 0.065625
16 0.6125 0.40625 0.0609375 0.0484375
16 0.721875 0.4984375 0.0703125 0.0671875
26 0.275 0.4078125 0.0734375 0.0453125
0 0.353125 0.49375 0.0671875 0.0640625
1 0.4140625 0.4046875 0.059375 0.0375
0 0.2765625 0.4953125 0.0765625 0.0703125
24 0.1984375 0.4171875 0.0765625 0.059375
14 0.2390625 0.240625 0.0796875 0.0234375
25 0.3453125 0.40625 0.06875 0.04375
2 0.478125 0.4078125 0.065625 0.0421875
3 0.546875 0.4078125 0.0671875 0.0421875
15 0.6796875 0.4046875 0.065625 0.0453125
17 0.7484375 0.4125 0.0703125 0.0609375
15 0.6484375 0.496875 0.0671875 0.0640625