13 0.596875 0.4859375 0.075 0.0828125
44 0.1171875 0.3875 0.075 0.0234375
9 0.4328125 0.503125 0.0765625 0.0828125
28 0.8265625 0.4546875 0.071875 0.078125
9 0.5140625 0.4953125 0.075 0.08125
26 0.0921875 0.5421875 0.0875 0.0859375
18 0.353125 0.4015625 0.0734375 0.0640625
20 0.35 0.5125 0.078125 0.084375
26 0.1796875 0.528125 0.08125 0.0828125
18 0.1984375 0.41875 0.0734375 0.0578125
15 0.653125 0.375 0.0734375 0.0625
18 0.2765625 0.409375 0.0734375 0.0609375
15 0.5796875 0.38125 0.071875 0.0625
12 0.6734375 0.4765625 0.0703125 0.0796875
15 0.5046875 0.390625 0.071875 0.065625
19 0.265625 0.521875 0.0796875 0.0828125
27 0.7484375 0.465625 0.06875 0.0765625
42 0.4296875 0.4125 0.071875 0.0234375