36 0.128125 0.4125 0.0609375 0.021875
11 0.325 0.5171875 0.0671875 0.059375
10 0.509375 0.4265625 0.0578125 0.05
9 0.253125 0.5171875 0.065625 0.059375
4 0.7640625 0.4234375 0.0640625 0.05625
10 0.446875 0.428125 0.0578125 0.05
14 0.534375 0.515625 0.0640625 0.059375
13 0.4640625 0.515625 0.0640625 0.0578125
10 0.5734375 0.4234375 0.0578125 0.053125
25 0.6046875 0.515625 0.0625 0.0609375
12 0.3953125 0.515625 0.0640625 0.059375
2 0.634375 0.4234375 0.0578125 0.0515625
26 0.675 0.5171875 0.06875 0.059375
49 0.25625 0.425 0.0625 0.05
38 0.1953125 0.4109375 0.0578125 0.0203125
49 0.3203125 0.4234375 0.0625 0.0515625
49 0.384375 0.421875 0.059375 0.05
3 0.6984375 0.4234375 0.065625 0.053125