12 0.440625 0.50625 0.05 0.0515625
2 0.809375 0.4796875 0.046875 0.046875
26 0.2703125 0.51875 0.05625 0.05
22 0.15 0.525 0.0578125 0.0515625
11 0.384375 0.509375 0.0546875 0.05
24 0.209375 0.5203125 0.0578125 0.0515625
3 0.7578125 0.484375 0.0546875 0.046875
38 0.48125 0.41875 0.0484375 0.0203125
20 0.0875 0.5296875 0.059375 0.05625
9 0.3265625 0.5140625 0.05625 0.0515625
14 0.4953125 0.5015625 0.0515625 0.0515625
16 0.55 0.4984375 0.05 0.0515625
7 0.603125 0.49375 0.05 0.0484375
6 0.6578125 0.4921875 0.0546875 0.05
4 0.7078125 0.4875 0.046875 0.0484375
2 0.8625 0.478125 0.0484375 0.0484375
46 0.909375 0.4734375 0.046875 0.05