23 0.3109375 0.5046875 0.0578125 0.0609375
23 0.3703125 0.49375 0.0546875 0.0609375
11 0.7828125 0.4125 0.04375 0.05625
4 0.5359375 0.4609375 0.0484375 0.059375
12 0.828125 0.403125 0.04375 0.05625
6 0.6375 0.440625 0.0484375 0.0578125
10 0.7359375 0.421875 0.0453125 0.05625
6 0.5875 0.45 0.05 0.0578125
4 0.4828125 0.471875 0.0515625 0.059375
14 0.8734375 0.3953125 0.040625 0.05625
3 0.4265625 0.48125 0.053125 0.059375
7 0.6875 0.43125 0.046875 0.05625
16 0.9171875 0.3875 0.040625 0.053125
22 0.25 0.515625 0.0578125 0.0640625
48 0.1203125 0.5421875 0.065625 0.0640625
48 0.1859375 0.53125 0.0625 0.0640625