18 0.1171875 0.4671875 0.0515625 0.046875
19 0.171875 0.4671875 0.0515625 0.0453125
9 0.4421875 0.4671875 0.0484375 0.0484375
11 0.4953125 0.465625 0.05 0.046875
19 0.225 0.4671875 0.0515625 0.0453125
22 0.278125 0.4671875 0.053125 0.0453125
23 0.3328125 0.4671875 0.05 0.046875
9 0.3875 0.4671875 0.05 0.0484375
14 0.6578125 0.4625 0.0515625 0.046875
48 0.81875 0.459375 0.05 0.04375
16 0.7125 0.4609375 0.05 0.0453125
11 0.55 0.4640625 0.05 0.046875
17 0.765625 0.459375 0.0515625 0.0453125
12 0.603125 0.4640625 0.05 0.0484375
48 0.871875 0.459375 0.05 0.0453125
42 0.484375 0.4 0.0515625 0.0171875
8 0.0625 0.46875 0.0546875 0.0515625