1 0.45625 0.4796875 0.0484375 0.0484375
6 0.671875 0.46875 0.0546875 0.0484375
13 0.2328125 0.490625 0.053125 0.053125
2 0.5109375 0.4765625 0.053125 0.05
25 0.5015625 0.3875 0.046875 0.0421875
16 0.346875 0.484375 0.0515625 0.0515625
11 0.1171875 0.496875 0.0546875 0.053125
17 0.403125 0.48125 0.0515625 0.05
5 0.6171875 0.471875 0.0515625 0.0484375
23 0.453125 0.390625 0.0453125 0.0421875
12 0.175 0.49375 0.053125 0.053125
4 0.5640625 0.4734375 0.05 0.0484375
24 0.55 0.3859375 0.0484375 0.0421875
30 0.3546875 0.40625 0.0515625 0.01875
15 0.290625 0.4875 0.0515625 0.0515625
19 0.8078125 0.45625 0.0515625 0.0375
19 0.859375 0.4578125 0.0546875 0.0421875
0 0.5484375 0.575 0.075 0.0453125
42 0.40625 0.40625 0.05 0.015625