2 0.40625 0.5515625 0.071875 0.075
2 0.559375 0.540625 0.071875 0.0734375
2 0.4828125 0.546875 0.0734375 0.075
48 0.7109375 0.3984375 0.065625 0.05625
26 0.225 0.4359375 0.06875 0.0609375
48 0.840625 0.3875 0.0640625 0.0546875
6 0.3703125 0.4265625 0.065625 0.0609375
26 0.2984375 0.43125 0.0703125 0.0609375
6 0.5109375 0.415625 0.06875 0.0578125
4 0.246875 0.565625 0.0734375 0.075
48 0.7765625 0.3921875 0.065625 0.0546875
14 0.709375 0.5265625 0.0671875 0.075
26 0.15 0.440625 0.0703125 0.065625
6 0.440625 0.4203125 0.071875 0.0609375
42 0.5703125 0.390625 0.05625 0.025
38 0.6375 0.3875 0.0625 0.025
3 0.3265625 0.55625 0.071875 0.0671875
14 0.634375 0.5328125 0.0703125 0.075