1 0.23125 0.4765625 0.06875 0.0765625
25 0.80625 0.446875 0.0671875 0.0765625
4 0.45 0.4609375 0.065625 0.071875
14 0.6359375 0.359375 0.059375 0.053125
2 0.3046875 0.471875 0.06875 0.0765625
27 0.4359375 0.375 0.0609375 0.0421875
3 0.3765625 0.465625 0.0671875 0.071875
14 0.703125 0.35 0.05625 0.0515625
14 0.56875 0.3671875 0.059375 0.05
17 0.6625 0.4546875 0.0640625 0.071875
27 0.503125 0.371875 0.0609375 0.0421875
27 0.3671875 0.38125 0.0640625 0.0421875
23 0.15 0.48125 0.0796875 0.071875
4 0.51875 0.45625 0.0703125 0.071875
4 0.590625 0.4546875 0.0703125 0.071875
16 0.734375 0.4484375 0.0671875 0.071875