11 0.465625 0.4828125 0.0609375 0.0609375
18 0.49375 0.3828125 0.059375 0.0484375
10 0.4015625 0.4875 0.059375 0.059375
11 0.528125 0.475 0.059375 0.0609375
12 0.5890625 0.4703125 0.0578125 0.059375
20 0.60625 0.3765625 0.0640625 0.0484375
14 0.65 0.465625 0.0578125 0.059375
42 0.434375 0.371875 0.0578125 0.0203125
25 0.203125 0.50625 0.0625 0.0609375
19 0.5484375 0.378125 0.05625 0.046875
14 0.7109375 0.459375 0.05625 0.059375
23 0.1359375 0.5125 0.065625 0.0625
5 0.76875 0.4546875 0.0546875 0.0546875
3 0.8265625 0.45 0.0578125 0.0640625
25 0.271875 0.5 0.0671875 0.0609375
9 0.3375 0.4953125 0.065625 0.0625