18 0.1578125 0.4765625 0.059375 0.0484375
2 0.6703125 0.4765625 0.053125 0.05
28 0.0453125 0.4765625 0.053125 0.0484375
15 0.1015625 0.4765625 0.053125 0.05
19 0.2171875 0.475 0.05625 0.0484375
19 0.2765625 0.475 0.0546875 0.0484375
21 0.334375 0.4765625 0.05625 0.046875
7 0.390625 0.4734375 0.05625 0.0484375
7 0.446875 0.4734375 0.0546875 0.046875
48 0.5015625 0.4734375 0.0546875 0.046875
48 0.559375 0.475 0.0546875 0.046875
1 0.6140625 0.475 0.0546875 0.05
3 0.7296875 0.4765625 0.0546875 0.0515625
25 0.7859375 0.4765625 0.059375 0.05
47 0.846875 0.475 0.05625 0.0484375