9 0.1296875 0.5390625 0.0671875 0.0671875
18 0.20625 0.521875 0.065625 0.0625
3 0.53125 0.4140625 0.0546875 0.05
9 0.078125 0.475 0.0609375 0.0609375
8 0.4125 0.415625 0.0546875 0.053125
8 0.290625 0.4546875 0.059375 0.0640625
20 0.34375 0.5125 0.0671875 0.0671875
8 0.353125 0.415625 0.0546875 0.053125
21 0.4078125 0.475 0.059375 0.0578125
17 0.6640625 0.475 0.059375 0.0609375
22 0.471875 0.475 0.0578125 0.05625
16 0.5984375 0.4796875 0.059375 0.0609375
2 0.60625 0.4078125 0.075 0.040625
32 0.1546875 0.4421875 0.0578125 0.021875
1 0.471875 0.415625 0.05 0.0546875
23 0.74375 0.4828125 0.0921875 0.0484375
34 0.225 0.434375 0.0625 0.021875
19 0.2765625 0.528125 0.065625 0.071875
15 0.5359375 0.475 0.0609375 0.0625
47 0.590625 0.2953125 0.0484375 0.028125