10 0.390625 0.490625 0.065625 0.0640625
42 0.16875 0.4234375 0.0609375 0.0234375
10 0.3203125 0.4984375 0.0671875 0.0671875
10 0.246875 0.509375 0.0671875 0.0671875
11 0.803125 0.365625 0.059375 0.05
12 0.659375 0.45625 0.0625 0.0640625
13 0.6875 0.38125 0.059375 0.0515625
20 0.459375 0.48125 0.065625 0.0640625
30 0.2359375 0.415625 0.0609375 0.0234375
27 0.3046875 0.4203125 0.0625 0.0453125
27 0.3703125 0.409375 0.065625 0.0484375
27 0.434375 0.4046875 0.0640625 0.046875
19 0.5265625 0.475 0.0625 0.0625
12 0.590625 0.4640625 0.065625 0.0640625
12 0.74375 0.3734375 0.0625 0.05625