48 0.29375 0.4359375 0.053125 0.0453125
14 0.7 0.4375 0.0484375 0.046875
2 0.4171875 0.509375 0.0515625 0.0453125
48 0.2421875 0.4359375 0.053125 0.046875
3 0.4734375 0.5078125 0.053125 0.046875
48 0.1890625 0.4359375 0.0484375 0.046875
19 0.346875 0.4359375 0.0484375 0.04375
19 0.396875 0.434375 0.05 0.0421875
19 0.4484375 0.4375 0.0515625 0.0421875
7 0.496875 0.4359375 0.046875 0.040625
7 0.5484375 0.4390625 0.05 0.04375
7 0.5984375 0.440625 0.046875 0.046875
13 0.6484375 0.4390625 0.0515625 0.0453125
15 0.7515625 0.4390625 0.0515625 0.0453125
1 0.359375 0.509375 0.0546875 0.046875
5 0.5296875 0.509375 0.053125 0.046875