25 0.2078125 0.5046875 0.071875 0.0765625
25 0.2828125 0.490625 0.0640625 0.075
22 0.6140625 0.4375 0.0609375 0.0703125
23 0.1296875 0.51875 0.0734375 0.0828125
14 0.353125 0.48125 0.0703125 0.08125
15 0.4234375 0.4703125 0.0609375 0.0765625
17 0.4875 0.459375 0.06875 0.0765625
17 0.5546875 0.4484375 0.0609375 0.0765625
22 0.6765625 0.425 0.0578125 0.078125
22 0.734375 0.4171875 0.0578125 0.0765625
9 0.7921875 0.403125 0.05625 0.075
10 0.8484375 0.3953125 0.0515625 0.075
11 0.8984375 0.384375 0.053125 0.0734375