14 0.2625 0.4859375 0.053125 0.05625
4 0.4875 0.4734375 0.053125 0.0515625
14 0.3203125 0.484375 0.05 0.05625
25 0.7625 0.459375 0.05 0.053125
13 0.20625 0.4890625 0.0546875 0.05625
12 0.1484375 0.4921875 0.0515625 0.0546875
11 0.0921875 0.49375 0.0578125 0.0546875
9 0.871875 0.45625 0.05 0.05625
4 0.54375 0.471875 0.05 0.0546875
8 0.653125 0.465625 0.0515625 0.0515625
16 0.4328125 0.4796875 0.0515625 0.0546875
7 0.596875 0.4671875 0.0484375 0.05
15 0.375 0.4765625 0.053125 0.05
24 0.70625 0.4609375 0.0546875 0.0515625
26 0.8171875 0.4578125 0.053125 0.05
2 0.925 0.4515625 0.053125 0.05