21 0.1578125 0.4953125 0.0671875 0.059375
6 0.721875 0.45625 0.0625 0.0546875
18 0.55 0.4015625 0.05625 0.0484375
42 0.484375 0.3875 0.05 0.0203125
18 0.603125 0.3921875 0.0546875 0.046875
25 0.4171875 0.478125 0.0609375 0.0578125
47 0.6609375 0.459375 0.0578125 0.0546875
18 0.6546875 0.3828125 0.05625 0.0453125
5 0.7796875 0.4515625 0.0609375 0.0546875
47 0.6015625 0.4640625 0.059375 0.0546875
20 0.0890625 0.4984375 0.0671875 0.0609375
22 0.2265625 0.490625 0.065625 0.0578125
23 0.290625 0.4890625 0.059375 0.0640625
24 0.3546875 0.4796875 0.0609375 0.059375
25 0.48125 0.4734375 0.0578125 0.0609375
47 0.5421875 0.46875 0.05625 0.0578125
4 0.8375 0.4484375 0.065625 0.05625