13 0.05 0.53125 0.078125 0.0859375
11 0.2078125 0.5078125 0.0734375 0.0828125
2 0.421875 0.475 0.0640625 0.075
10 0.2828125 0.496875 0.0703125 0.0796875
10 0.353125 0.4859375 0.0671875 0.0765625
12 0.1296875 0.5203125 0.075 0.084375
5 0.68125 0.43125 0.0578125 0.065625
27 0.9078125 0.4 0.05625 0.0609375
5 0.6203125 0.44375 0.0609375 0.0734375
27 0.853125 0.4078125 0.05625 0.0671875
3 0.4921875 0.4640625 0.065625 0.0765625
4 0.5578125 0.453125 0.059375 0.075
20 0.7390625 0.4234375 0.0609375 0.0703125
17 0.7953125 0.415625 0.05625 0.0671875