21 0.415625 0.4984375 0.0578125 0.0515625
2 0.6 0.4984375 0.0578125 0.053125
23 0.6625 0.496875 0.059375 0.053125
23 0.7265625 0.4984375 0.0625 0.053125
13 0.1625 0.5 0.059375 0.0546875
2 0.5375 0.4984375 0.0578125 0.053125
4 0.615625 0.415625 0.05 0.046875
21 0.4765625 0.4984375 0.0578125 0.05
15 0.353125 0.5 0.05625 0.053125
13 0.2265625 0.5 0.0578125 0.0546875
38 0.4453125 0.3984375 0.0515625 0.0171875
13 0.0953125 0.5 0.0625 0.05625
5 0.6734375 0.415625 0.0546875 0.046875
3 0.5578125 0.415625 0.053125 0.046875
24 0.7890625 0.5 0.0625 0.0546875
40 0.5015625 0.4 0.0546875 0.0171875
14 0.2890625 0.4984375 0.059375 0.0515625
25 0.85625 0.4984375 0.0609375 0.0546875