11 0.165625 0.5484375 0.059375 0.0625
10 0.10625 0.546875 0.0578125 0.0625
23 0.5875 0.55625 0.05625 0.0625
9 0.046875 0.5453125 0.0578125 0.0625
1 0.709375 0.5578125 0.059375 0.0625
5 0.9515625 0.5546875 0.0640625 0.0640625
24 0.6484375 0.55625 0.0578125 0.0640625
1 0.7703125 0.5578125 0.059375 0.0625
5 0.8328125 0.5609375 0.0625 0.0625
23 0.5265625 0.5546875 0.0578125 0.0625
16 0.3453125 0.553125 0.05625 0.0640625
5 0.89375 0.5578125 0.0625 0.0625
14 0.225 0.55 0.0578125 0.0640625
15 0.284375 0.5515625 0.0609375 0.065625
21 0.40625 0.553125 0.059375 0.0625
22 0.4671875 0.5546875 0.05625 0.0671875