4 0.4265625 0.490625 0.0515625 0.053125
6 0.5390625 0.471875 0.053125 0.0515625
2 0.309375 0.503125 0.0546875 0.0546875
6 0.484375 0.4859375 0.0546875 0.053125
21 0.1890625 0.5140625 0.059375 0.05625
26 0.5390625 0.6671875 0.06875 0.0703125
26 0.7578125 0.45625 0.059375 0.05
20 0.125 0.5203125 0.0625 0.0578125
3 0.36875 0.496875 0.05625 0.0546875
48 0.5078125 0.3765625 0.05 0.040625
22 0.25 0.509375 0.0578125 0.0578125
8 0.596875 0.475 0.0546875 0.053125
26 0.8484375 0.446875 0.0625 0.053125
48 0.5578125 0.371875 0.05 0.040625
8 0.7046875 0.4640625 0.0546875 0.0515625
8 0.6515625 0.46875 0.0546875 0.0515625
48 0.4578125 0.38125 0.05 0.040625