36 0.3 0.378125 0.0546875 0.0203125
21 0.5546875 0.3953125 0.0625 0.053125
0 0.3625 0.3953125 0.0609375 0.053125
1 0.4265625 0.3953125 0.0609375 0.053125
49 0.7171875 0.484375 0.06875 0.046875
22 0.6828125 0.3953125 0.065625 0.0515625
7 0.64375 0.4921875 0.06875 0.065625
13 0.2125 0.4890625 0.0703125 0.0640625
49 0.7921875 0.49375 0.075 0.0578125
7 0.5734375 0.4921875 0.0671875 0.0640625
2 0.490625 0.396875 0.0609375 0.0546875
30 0.234375 0.378125 0.0609375 0.025
23 0.61875 0.3953125 0.0609375 0.053125
12 0.134375 0.4875 0.071875 0.0640625
15 0.284375 0.4890625 0.06875 0.059375
15 0.3578125 0.4890625 0.0671875 0.0625
4 0.428125 0.4890625 0.0734375 0.0609375
5 0.5015625 0.490625 0.0671875 0.059375