4 0.184375 0.409375 0.0640625 0.05625
12 0.5296875 0.38125 0.059375 0.0546875
8 0.7328125 0.3578125 0.0640625 0.0546875
14 0.6296875 0.4890625 0.0671875 0.0640625
11 0.39375 0.390625 0.0625 0.0546875
10 0.4625 0.3890625 0.0609375 0.0546875
14 0.5546875 0.49375 0.0671875 0.0640625
21 0.48125 0.4984375 0.06875 0.0625
5 0.2546875 0.4046875 0.065625 0.0546875
0 0.2546875 0.515625 0.0703125 0.0625
6 0.596875 0.3765625 0.0609375 0.0546875
6 0.325 0.4 0.06875 0.0609375
7 0.6640625 0.3671875 0.071875 0.053125
19 0.3296875 0.5109375 0.0734375 0.0671875
20 0.4046875 0.50625 0.071875 0.0640625
2 0.7046875 0.4859375 0.075 0.0703125