4 0.565625 0.496875 0.0578125 0.059375
5 0.209375 0.4234375 0.0578125 0.0484375
46 0.315625 0.5125 0.0578125 0.059375
14 0.4984375 0.4015625 0.0515625 0.046875
0 0.378125 0.5078125 0.0578125 0.059375
0 0.503125 0.5015625 0.0578125 0.0578125
46 0.2515625 0.515625 0.0609375 0.059375
14 0.5546875 0.4 0.0515625 0.046875
5 0.628125 0.4921875 0.0578125 0.059375
6 0.3265625 0.415625 0.05625 0.046875
7 0.26875 0.425 0.053125 0.046875
13 0.3828125 0.4109375 0.0546875 0.0484375
12 0.4421875 0.40625 0.0546875 0.0484375
15 0.609375 0.396875 0.053125 0.046875
16 0.6671875 0.390625 0.0546875 0.0484375
0 0.44375 0.50625 0.059375 0.0609375
1 0.7015625 0.4953125 0.0828125 0.0453125