10 0.453125 0.3859375 0.0484375 0.040625
16 0.5796875 0.4640625 0.05 0.0515625
2 0.6375 0.4609375 0.0515625 0.05
25 0.2921875 0.459375 0.0515625 0.0515625
15 0.5234375 0.4609375 0.05 0.0515625
8 0.465625 0.459375 0.053125 0.053125
42 0.353125 0.3734375 0.0484375 0.015625
11 0.5046875 0.3875 0.0484375 0.0421875
8 0.3515625 0.459375 0.053125 0.053125
3 0.6953125 0.4609375 0.0515625 0.0484375
8 0.4078125 0.459375 0.053125 0.053125
32 0.246875 0.371875 0.053125 0.0171875
23 0.234375 0.4578125 0.0515625 0.0515625
4 0.7546875 0.45625 0.0515625 0.0546875
38 0.3 0.3703125 0.05625 0.01875
9 0.403125 0.3859375 0.0484375 0.0421875
21 0.171875 0.459375 0.059375 0.053125