11 0.2078125 0.3859375 0.0640625 0.05625
10 0.59375 0.3453125 0.059375 0.0515625
8 0.4046875 0.3625 0.0625 0.0546875
11 0.340625 0.3703125 0.0609375 0.053125
29 0.8234375 0.3203125 0.0609375 0.05
29 0.884375 0.3140625 0.0640625 0.05
8 0.53125 0.346875 0.0625 0.0546875
18 0.6921875 0.4578125 0.0640625 0.065625
29 0.7671875 0.3265625 0.059375 0.05
10 0.7109375 0.3328125 0.0578125 0.0515625
18 0.7546875 0.45 0.0546875 0.0578125
11 0.275 0.378125 0.0609375 0.0546875
10 0.6515625 0.340625 0.0578125 0.0515625
1 0.625 0.465625 0.0640625 0.0609375
8 0.4671875 0.3515625 0.0625 0.0546875
1 0.55625 0.4734375 0.065625 0.0625
30 0.0671875 0.3796875 0.06875 0.0234375
42 0.1375 0.371875 0.065625 0.021875
17 0.4734375 0.2984375 0.0796875 0.046875