18 0.63125 0.4078125 0.0625 0.053125
26 0.6515625 0.5078125 0.071875 0.065625
26 0.7265625 0.5078125 0.071875 0.065625
36 0.5015625 0.384375 0.0578125 0.021875
6 0.875 0.5109375 0.0734375 0.06875
20 0.696875 0.40625 0.0640625 0.0578125
21 0.353125 0.5046875 0.0765625 0.0671875
44 0.565625 0.3890625 0.059375 0.0234375
25 0.578125 0.50625 0.06875 0.0671875
24 0.5015625 0.50625 0.075 0.06875
32 0.3671875 0.384375 0.0625 0.025
34 0.4359375 0.384375 0.0609375 0.0234375
19 0.7640625 0.403125 0.0609375 0.059375
16 0.1015625 0.5015625 0.0734375 0.06875
16 0.19375 0.5 0.0765625 0.06875
20 0.2734375 0.50625 0.0796875 0.0671875
23 0.428125 0.503125 0.075 0.065625
3 0.8 0.5078125 0.06875 0.0640625
7 0.9515625 0.5109375 0.0765625 0.0671875