38 0.2296875 0.4046875 0.04375 0.0140625
15 0.559375 0.415625 0.04375 0.040625
24 0.25 0.484375 0.0515625 0.04375
15 0.5125 0.4171875 0.04375 0.040625
25 0.3046875 0.484375 0.0484375 0.046875
27 0.6203125 0.4859375 0.0515625 0.04375
26 0.3578125 0.484375 0.053125 0.0453125
46 0.321875 0.4171875 0.0453125 0.034375
14 0.515625 0.484375 0.046875 0.0453125
2 0.14375 0.4828125 0.05 0.0421875
10 0.4109375 0.484375 0.0484375 0.0453125
46 0.4171875 0.4171875 0.0453125 0.034375
15 0.465625 0.4171875 0.0421875 0.0390625
11 0.4640625 0.484375 0.0484375 0.0453125
46 0.36875 0.4171875 0.046875 0.0359375
32 0.1796875 0.4046875 0.0421875 0.0140625
40 0.2765625 0.4046875 0.040625 0.015625
3 0.196875 0.4859375 0.0515625 0.0453125
14 0.5671875 0.4859375 0.05 0.04375