18 0.2734375 0.503125 0.04375 0.0359375
28 0.2296875 0.503125 0.040625 0.0359375
24 0.6953125 0.496875 0.040625 0.0375
14 0.6109375 0.5 0.0390625 0.040625
46 0.14375 0.503125 0.0453125 0.0390625
46 0.1890625 0.503125 0.0453125 0.0375
19 0.3171875 0.5015625 0.04375 0.0375
19 0.3609375 0.5015625 0.040625 0.0359375
20 0.403125 0.5 0.04375 0.0359375
2 0.4453125 0.5 0.040625 0.0359375
5 0.4875 0.5 0.0390625 0.034375
6 0.528125 0.4984375 0.0390625 0.0375
12 0.5703125 0.4984375 0.0390625 0.034375
16 0.653125 0.496875 0.040625 0.0359375
25 0.7375 0.496875 0.0390625 0.034375
26 0.78125 0.4953125 0.0453125 0.034375