13 0.5046875 0.446875 0.0625 0.0671875
12 0.4375 0.453125 0.0625 0.06875
1 0.1640625 0.465625 0.0609375 0.0640625
10 0.3015625 0.4578125 0.0625 0.0671875
12 0.3703125 0.4578125 0.0625 0.071875
21 0.703125 0.4359375 0.0625 0.0609375
21 0.76875 0.4328125 0.0625 0.0671875
22 0.834375 0.43125 0.0609375 0.0640625
0 0.096875 0.4671875 0.0625 0.059375
4 0.621875 0.359375 0.05625 0.0421875
4 0.5578125 0.3625 0.0609375 0.0421875
4 0.6828125 0.35625 0.05625 0.0421875
2 0.234375 0.4609375 0.0640625 0.0609375
19 0.571875 0.4421875 0.0625 0.0625
20 0.6375 0.4390625 0.0640625 0.059375