22 0.6375 0.43125 0.0515625 0.04375
29 0.5328125 0.4328125 0.05 0.04375
7 0.26875 0.4328125 0.0484375 0.0421875
12 0.690625 0.4328125 0.053125 0.0453125
29 0.4796875 0.434375 0.05 0.0421875
21 0.584375 0.43125 0.05 0.04375
49 0.428125 0.4328125 0.0515625 0.0421875
14 0.7984375 0.4328125 0.05625 0.04375
7 0.321875 0.4328125 0.05 0.0421875
49 0.375 0.43125 0.0515625 0.0421875
13 0.74375 0.4328125 0.0546875 0.04375
0 0.0578125 0.4375 0.0546875 0.04375
0 0.115625 0.4359375 0.0515625 0.0484375
2 0.165625 0.434375 0.05 0.04375
7 0.215625 0.434375 0.0484375 0.0453125
15 0.853125 0.434375 0.0515625 0.04375
44 0.4796875 0.3625 0.040625 0.01875