11 0.184375 0.50625 0.0609375 0.065625
18 0.3765625 0.490625 0.0609375 0.0578125
9 0.11875 0.509375 0.0609375 0.0640625
18 0.3140625 0.4953125 0.059375 0.05625
13 0.25 0.5015625 0.059375 0.0625
5 0.6828125 0.46875 0.05625 0.059375
21 0.4375 0.4859375 0.0578125 0.0578125
6 0.8046875 0.4609375 0.0578125 0.0625
3 0.5609375 0.478125 0.0578125 0.0609375
5 0.74375 0.465625 0.05625 0.0609375
23 0.4984375 0.4796875 0.05625 0.05625
4 0.6203125 0.4703125 0.05625 0.059375
7 0.8640625 0.459375 0.05625 0.0625
15 0.5171875 0.4078125 0.05625 0.0375
16 0.5765625 0.4015625 0.053125 0.04375
17 0.6328125 0.396875 0.0546875 0.0421875