17 0.5140625 0.5046875 0.0609375 0.0671875
13 0.3140625 0.528125 0.065625 0.06875
10 0.1765625 0.5453125 0.06875 0.071875
23 0.7640625 0.4765625 0.0578125 0.0640625
23 0.703125 0.4828125 0.0578125 0.065625
12 0.2453125 0.5375 0.0671875 0.06875
9 0.1046875 0.553125 0.0703125 0.06875
7 0.884375 0.4625 0.059375 0.0640625
15 0.4484375 0.5125 0.0625 0.06875
14 0.3828125 0.5203125 0.0640625 0.06875
49 0.825 0.46875 0.05625 0.0625
20 0.578125 0.4984375 0.0609375 0.065625
22 0.640625 0.4921875 0.059375 0.065625
38 0.3109375 0.434375 0.0703125 0.025
18 0.3796875 0.440625 0.0625 0.0390625
19 0.44375 0.4328125 0.065625 0.0421875
20 0.50625 0.425 0.06875 0.0421875