18 0.678125 0.4609375 0.0609375 0.0578125
4 0.2078125 0.5140625 0.0671875 0.0625
12 0.8640625 0.4421875 0.0625 0.059375
26 0.4171875 0.4921875 0.0640625 0.0609375
5 0.2796875 0.50625 0.0671875 0.0609375
21 0.6140625 0.4671875 0.0625 0.0578125
21 0.55 0.475 0.0625 0.0578125
1 0.0578125 0.5296875 0.071875 0.0640625
2 0.134375 0.5234375 0.0765625 0.0640625
6 0.3484375 0.4984375 0.06875 0.065625
22 0.4859375 0.4828125 0.065625 0.0609375
19 0.740625 0.4546875 0.0640625 0.0578125
20 0.803125 0.4484375 0.059375 0.0578125
49 0.9234375 0.4375 0.0546875 0.0578125