9 0.203125 0.403125 0.0734375 0.0703125
8 0.459375 0.3140625 0.0625 0.059375
10 0.2796875 0.4 0.0734375 0.0703125
16 0.428125 0.396875 0.06875 0.0703125
4 0.5734375 0.39375 0.065625 0.06875
6 0.715625 0.3921875 0.0703125 0.0671875
7 0.3234375 0.315625 0.0671875 0.0578125
24 0.590625 0.3171875 0.0625 0.0609375
6 0.8609375 0.3890625 0.078125 0.06875
16 0.3546875 0.4 0.0703125 0.0703125
25 0.65625 0.315625 0.059375 0.059375
23 0.525 0.315625 0.0609375 0.05625
6 0.7875 0.3890625 0.0734375 0.06875
5 0.64375 0.3921875 0.0671875 0.0671875
3 0.5015625 0.3953125 0.06875 0.0703125
30 0.2609375 0.296875 0.059375 0.025
6 0.3921875 0.315625 0.065625 0.059375