5 0.303125 0.5125 0.0546875 0.0515625
3 0.13125 0.515625 0.0578125 0.0515625
25 0.6421875 0.5109375 0.053125 0.0515625
5 0.3609375 0.5109375 0.053125 0.0515625
25 0.5859375 0.5109375 0.053125 0.0515625
24 0.5296875 0.5125 0.053125 0.0515625
26 0.6984375 0.509375 0.05625 0.0484375
0 0.071875 0.5171875 0.0546875 0.0515625
8 0.928125 0.5078125 0.0609375 0.05
4 0.2453125 0.5140625 0.053125 0.0515625
4 0.1890625 0.5140625 0.053125 0.0515625
22 0.475 0.5125 0.0515625 0.05
47 0.75625 0.509375 0.053125 0.046875
46 0.5015625 0.378125 0.0625 0.0375
16 0.4171875 0.5125 0.0546875 0.0515625
9 0.8125 0.5078125 0.053125 0.0484375
12 0.8703125 0.5078125 0.0515625 0.05