47 0.2578125 0.5015625 0.0578125 0.0484375
13 0.746875 0.478125 0.05625 0.0515625
13 0.80625 0.4765625 0.05625 0.053125
20 0.5015625 0.490625 0.059375 0.05
12 0.6859375 0.4828125 0.05625 0.05
18 0.5640625 0.4875 0.0578125 0.05
25 0.31875 0.5 0.0578125 0.0515625
14 0.865625 0.4734375 0.0578125 0.05
22 0.4421875 0.49375 0.0578125 0.0515625
47 0.196875 0.50625 0.0578125 0.0484375
49 0.0734375 0.5109375 0.0578125 0.0484375
14 0.921875 0.4703125 0.0515625 0.0484375
11 0.625 0.484375 0.0578125 0.05
23 0.38125 0.4984375 0.0578125 0.053125
27 0.134375 0.5078125 0.0609375 0.05
2 0.3171875 0.659375 0.06875 0.0578125