23 0.3078125 0.5140625 0.059375 0.0703125
24 0.36875 0.503125 0.0578125 0.0671875
25 0.484375 0.484375 0.0546875 0.065625
9 0.640625 0.4546875 0.05 0.0625
24 0.4265625 0.49375 0.05625 0.065625
9 0.5890625 0.4640625 0.0515625 0.0640625
25 0.5375 0.4734375 0.0515625 0.065625
3 0.690625 0.446875 0.05 0.059375
5 0.7859375 0.4296875 0.05 0.0609375
21 0.1796875 0.534375 0.0640625 0.06875
23 0.24375 0.525 0.0609375 0.0703125
4 0.7375 0.4359375 0.0484375 0.0609375
21 0.109375 0.546875 0.06875 0.075
7 0.8296875 0.4203125 0.04375 0.0609375
8 0.8734375 0.4125 0.05 0.0625
8 0.9171875 0.40625 0.0484375 0.0609375
40 0.5984375 0.396875 0.040625 0.01875