13 0.5625 0.525 0.0671875 0.0640625
18 0.4734375 0.4265625 0.0625 0.0546875
18 0.34375 0.4265625 0.0640625 0.0546875
18 0.409375 0.4265625 0.0625 0.0546875
4 0.1203125 0.528125 0.0671875 0.0640625
20 0.271875 0.5265625 0.0734375 0.0640625
20 0.603125 0.4265625 0.0625 0.05625
36 0.2796875 0.409375 0.0625 0.0203125
25 0.490625 0.5265625 0.0671875 0.0640625
24 0.4171875 0.5265625 0.0703125 0.065625
5 0.196875 0.5265625 0.0703125 0.0640625
30 0.215625 0.4109375 0.059375 0.021875
19 0.5375 0.425 0.0625 0.0546875
21 0.6703125 0.425 0.0671875 0.0546875
21 0.34375 0.525 0.0734375 0.065625
14 0.634375 0.5234375 0.06875 0.0578125
14 0.7078125 0.525 0.06875 0.0625
15 0.78125 0.5234375 0.0703125 0.0640625
38 0.9203125 0.259375 0.03125 0.028125