5 0.58125 0.4875 0.05625 0.06875
13 0.2015625 0.434375 0.0484375 0.0640625
18 0.3578125 0.4546875 0.05 0.0625
18 0.3046875 0.4484375 0.05 0.0625
5 0.6390625 0.4953125 0.05625 0.06875
27 0.8234375 0.5203125 0.0625 0.06875
3 0.5234375 0.478125 0.0546875 0.065625
10 0.103125 0.4203125 0.0453125 0.0625
29 0.8890625 0.5296875 0.065625 0.0703125
9 0.0546875 0.4125 0.046875 0.0640625
11 0.1515625 0.428125 0.046875 0.065625
47 0.7609375 0.5109375 0.059375 0.06875
6 0.7 0.503125 0.0578125 0.071875
0 0.465625 0.4703125 0.0515625 0.0640625
22 0.4109375 0.4609375 0.0515625 0.0625
14 0.253125 0.4421875 0.05 0.065625