40 0.2265625 0.3640625 0.0546875 0.0203125
8 0.6671875 0.45625 0.065625 0.065625
8 0.734375 0.4578125 0.06875 0.065625
4 0.40625 0.38125 0.05625 0.053125
14 0.4703125 0.4546875 0.059375 0.0625
0 0.1375 0.4515625 0.065625 0.0609375
4 0.5265625 0.38125 0.05625 0.0515625
5 0.64375 0.378125 0.059375 0.053125
13 0.40625 0.4546875 0.0609375 0.0625
44 0.2875 0.3625 0.0515625 0.01875
1 0.2046875 0.453125 0.0609375 0.0609375
12 0.3390625 0.4546875 0.0609375 0.0640625
2 0.271875 0.453125 0.06875 0.0625
5 0.3453125 0.3796875 0.0609375 0.053125
6 0.4671875 0.3796875 0.059375 0.053125
6 0.5859375 0.38125 0.059375 0.0546875
6 0.5359375 0.45625 0.0625 0.0640625
7 0.6015625 0.45625 0.0609375 0.0609375