9 0.18125 0.5375 0.065625 0.0671875
11 0.3203125 0.53125 0.0640625 0.071875
10 0.2515625 0.534375 0.0640625 0.0671875
25 0.6765625 0.415625 0.0578125 0.05
12 0.4296875 0.4296875 0.0578125 0.05
14 0.3890625 0.528125 0.0625 0.075
25 0.7390625 0.4140625 0.05625 0.05
16 0.45625 0.525 0.0625 0.0734375
3 0.590625 0.5140625 0.0625 0.065625
8 0.6578125 0.509375 0.0625 0.065625
25 0.615625 0.4203125 0.05625 0.05
26 0.790625 0.503125 0.0640625 0.0640625
3 0.5234375 0.51875 0.0640625 0.0671875
12 0.4921875 0.4265625 0.0578125 0.05
12 0.553125 0.4296875 0.059375 0.05
8 0.7234375 0.5046875 0.0640625 0.0640625