26 0.415625 0.4265625 0.05 0.0421875
23 0.59375 0.5015625 0.05 0.046875
5 0.7578125 0.5 0.053125 0.0515625
22 0.6125 0.4265625 0.0453125 0.0390625
26 0.515625 0.4265625 0.046875 0.040625
26 0.465625 0.4265625 0.046875 0.0421875
21 0.5390625 0.5015625 0.0515625 0.046875
22 0.6609375 0.4265625 0.0453125 0.0390625
22 0.5640625 0.4265625 0.04375 0.040625
11 0.3609375 0.5015625 0.0546875 0.0484375
12 0.4171875 0.5 0.0515625 0.0515625
3 0.7046875 0.5 0.0484375 0.0484375
38 0.36875 0.4140625 0.046875 0.015625
32 0.31875 0.4109375 0.0453125 0.0171875
49 0.2484375 0.5015625 0.053125 0.05
49 0.303125 0.5 0.0515625 0.0453125
20 0.48125 0.5 0.0546875 0.0484375
23 0.646875 0.5015625 0.05 0.0453125