11 0.5109375 0.496875 0.0625 0.0640625
28 0.209375 0.4 0.0625 0.053125
1 0.3 0.5171875 0.0640625 0.0609375
10 0.4390625 0.5046875 0.0640625 0.0640625
28 0.334375 0.3828125 0.05625 0.05
28 0.271875 0.3890625 0.059375 0.0515625
12 0.578125 0.4890625 0.065625 0.0625
9 0.753125 0.346875 0.059375 0.0453125
21 0.6921875 0.3484375 0.0625 0.046875
2 0.2265625 0.528125 0.0671875 0.0671875
14 0.7171875 0.475 0.0703125 0.0625
42 0.39375 0.3671875 0.05 0.01875
40 0.1375 0.3921875 0.0578125 0.021875
21 0.6328125 0.3484375 0.059375 0.046875
21 0.459375 0.3703125 0.0640625 0.05
3 0.371875 0.5109375 0.065625 0.065625
16 0.646875 0.4828125 0.071875 0.065625
15 0.784375 0.4671875 0.071875 0.0625