9 0.225 0.4 0.0640625 0.0578125
10 0.615625 0.3953125 0.0609375 0.0578125
9 0.290625 0.4 0.0640625 0.0578125
40 0.1625 0.3828125 0.059375 0.021875
9 0.6796875 0.3953125 0.059375 0.0578125
11 0.74375 0.3953125 0.0625 0.0578125
9 0.3578125 0.4 0.0609375 0.059375
23 0.3296875 0.4984375 0.0671875 0.0609375
6 0.5828125 0.4984375 0.0671875 0.0609375
14 0.4234375 0.3984375 0.0609375 0.0609375
6 0.4390625 0.4984375 0.06875 0.0609375
24 0.65625 0.4953125 0.065625 0.0625
14 0.4875 0.4 0.0609375 0.059375
6 0.5109375 0.4984375 0.06875 0.0609375
34 0.09375 0.384375 0.065625 0.0265625
14 0.5515625 0.3984375 0.0625 0.059375
16 0.18125 0.4984375 0.071875 0.0609375
16 0.25625 0.496875 0.071875 0.0625