10 0.321875 0.5046875 0.0671875 0.06875
10 0.3921875 0.4953125 0.0671875 0.0671875
48 0.25 0.5140625 0.06875 0.06875
3 0.71875 0.4515625 0.06875 0.0609375
23 0.5421875 0.375 0.0609375 0.053125
48 0.1765625 0.525 0.0734375 0.071875
23 0.6 0.3671875 0.0609375 0.053125
49 0.3578125 0.396875 0.059375 0.053125
49 0.2953125 0.40625 0.0609375 0.0546875
23 0.484375 0.3828125 0.059375 0.0546875
26 0.653125 0.459375 0.071875 0.0625
10 0.459375 0.4859375 0.0625 0.065625
49 0.4203125 0.3921875 0.0578125 0.0578125
34 0.228125 0.4 0.0640625 0.0265625
24 0.5265625 0.475 0.078125 0.0625
25 0.5890625 0.46875 0.0734375 0.065625
4 0.78125 0.44375 0.084375 0.065625