7 0.35 0.4015625 0.0671875 0.0546875
10 0.5265625 0.4921875 0.06875 0.071875
9 0.4515625 0.496875 0.0671875 0.071875
5 0.209375 0.4078125 0.065625 0.05625
24 0.3015625 0.5078125 0.071875 0.0734375
0 0.4203125 0.3984375 0.0625 0.053125
23 0.2265625 0.5109375 0.0734375 0.06875
1 0.4875 0.3984375 0.0625 0.053125
2 0.5546875 0.3984375 0.0640625 0.0515625
25 0.378125 0.5015625 0.0671875 0.0734375
29 0.6 0.4890625 0.0671875 0.06875
6 0.278125 0.403125 0.0671875 0.05625
20 0.6234375 0.396875 0.0671875 0.0515625
19 0.6921875 0.396875 0.06875 0.0515625
21 0.7640625 0.39375 0.0703125 0.0515625
24 0.671875 0.4859375 0.0765625 0.065625