2 0.584375 0.40625 0.0609375 0.053125
13 0.5890625 0.5109375 0.065625 0.071875
26 0.453125 0.4109375 0.0625 0.053125
18 0.446875 0.5109375 0.06875 0.065625
25 0.51875 0.409375 0.0609375 0.053125
14 0.6609375 0.509375 0.065625 0.071875
19 0.1609375 0.521875 0.06875 0.071875
24 0.3875 0.4125 0.059375 0.0515625
2 0.65 0.4015625 0.059375 0.0515625
4 0.23125 0.51875 0.0671875 0.06875
18 0.5171875 0.5125 0.065625 0.071875
6 0.3765625 0.515625 0.06875 0.0703125
2 0.7171875 0.3953125 0.065625 0.05
5 0.3015625 0.5140625 0.0703125 0.065625
15 0.734375 0.503125 0.06875 0.065625
21 0.8078125 0.5015625 0.071875 0.065625