4 0.5921875 0.5046875 0.0609375 0.0640625
16 0.725 0.4984375 0.0609375 0.0640625
14 0.63125 0.403125 0.0546875 0.0515625
46 0.325 0.51875 0.0625 0.0625
46 0.2578125 0.521875 0.0625 0.0625
13 0.5109375 0.4078125 0.0546875 0.05
0 0.459375 0.509375 0.0609375 0.059375
14 0.190625 0.525 0.065625 0.0625
5 0.3265625 0.4171875 0.059375 0.0515625
7 0.3890625 0.41875 0.059375 0.053125
6 0.45 0.4109375 0.05625 0.05
0 0.3890625 0.5109375 0.0640625 0.059375
0 0.525 0.5046875 0.065625 0.0609375
5 0.6578125 0.4984375 0.0625 0.065625
12 0.571875 0.4046875 0.059375 0.0515625