11 0.6140625 0.46875 0.0671875 0.065625
18 0.490625 0.3734375 0.059375 0.0515625
21 0.61875 0.3734375 0.0625 0.0515625
18 0.3640625 0.3734375 0.0609375 0.0515625
18 0.428125 0.3734375 0.059375 0.0515625
2 0.25625 0.46875 0.0671875 0.0625
23 0.684375 0.3734375 0.0609375 0.0546875
12 0.6859375 0.46875 0.0640625 0.0640625
6 0.5421875 0.46875 0.0671875 0.0640625
13 0.75625 0.46875 0.065625 0.0625
32 0.171875 0.353125 0.0609375 0.021875
34 0.2375 0.35625 0.0625 0.0234375
38 0.3015625 0.35625 0.059375 0.0234375
22 0.5546875 0.371875 0.059375 0.0515625
0 0.10625 0.4671875 0.071875 0.059375
1 0.18125 0.46875 0.0734375 0.0609375
3 0.328125 0.4671875 0.0703125 0.0625
4 0.4015625 0.4671875 0.0703125 0.059375
6 0.4734375 0.4671875 0.06875 0.059375