13 0.2140625 0.51875 0.0671875 0.0625
18 0.4953125 0.51875 0.065625 0.0609375
9 0.38125 0.4203125 0.059375 0.053125
9 0.44375 0.421875 0.0578125 0.0546875
9 0.3171875 0.41875 0.0625 0.0546875
11 0.071875 0.5203125 0.0703125 0.0640625
20 0.634375 0.5203125 0.0671875 0.0609375
17 0.628125 0.421875 0.0578125 0.0546875
15 0.50625 0.4234375 0.0578125 0.053125
4 0.7046875 0.5203125 0.065625 0.0609375
24 0.4265625 0.5171875 0.0640625 0.0609375
5 0.2875 0.51875 0.0671875 0.0625
12 0.1421875 0.51875 0.065625 0.0640625
24 0.3578125 0.5140625 0.0640625 0.0625
16 0.5671875 0.4234375 0.059375 0.0578125
19 0.565625 0.521875 0.0703125 0.0609375