10 0.7375 0.425 0.0578125 0.046875
18 0.08125 0.5078125 0.06875 0.059375
10 0.6765625 0.425 0.0546875 0.046875
10 0.615625 0.4234375 0.0546875 0.046875
20 0.2203125 0.5078125 0.071875 0.0625
12 0.4234375 0.5078125 0.0625 0.0578125
12 0.35625 0.5078125 0.065625 0.0578125
15 0.8234375 0.5078125 0.0625 0.0578125
21 0.2890625 0.5078125 0.0671875 0.05625
15 0.75625 0.5078125 0.0625 0.0578125
19 0.15 0.509375 0.0640625 0.059375
5 0.49375 0.50625 0.065625 0.05625
6 0.5578125 0.50625 0.0640625 0.0578125
7 0.6234375 0.5078125 0.0625 0.0546875
15 0.690625 0.5078125 0.0640625 0.0578125
27 0.890625 0.509375 0.0625 0.0578125