47 0.684375 0.3375 0.05 0.040625
11 0.3703125 0.453125 0.05625 0.0578125
9 0.25 0.4484375 0.05625 0.0578125
36 0.1578125 0.33125 0.046875 0.015625
5 0.60625 0.45 0.05625 0.05625
10 0.309375 0.4515625 0.0546875 0.0578125
44 0.2625 0.328125 0.0484375 0.0171875
4 0.546875 0.453125 0.053125 0.0578125
42 0.2015625 0.353125 0.053125 0.01875
16 0.5171875 0.3828125 0.05 0.046875
16 0.5703125 0.384375 0.05 0.0453125
22 0.3578125 0.375 0.053125 0.0453125
47 0.734375 0.3390625 0.0515625 0.0421875
22 0.303125 0.3734375 0.053125 0.04375
22 0.409375 0.378125 0.05625 0.04375
16 0.4640625 0.3796875 0.053125 0.046875
47 0.6265625 0.3828125 0.0546875 0.046875
15 0.4296875 0.453125 0.0578125 0.0578125
15 0.4890625 0.4546875 0.0578125 0.059375