13 0.234375 0.4890625 0.05625 0.0578125
16 0.5296875 0.4734375 0.053125 0.0578125
23 0.63125 0.3765625 0.0484375 0.0421875
0 0.25 0.4015625 0.0515625 0.0421875
14 0.29375 0.4859375 0.0546875 0.059375
3 0.4140625 0.4796875 0.0546875 0.0578125
4 0.471875 0.4765625 0.053125 0.0578125
12 0.5234375 0.384375 0.046875 0.04375
0 0.30625 0.396875 0.0515625 0.0421875
13 0.46875 0.3859375 0.0484375 0.04375
11 0.415625 0.390625 0.0484375 0.04375
23 0.484375 0.71875 0.0296875 0.040625
16 0.590625 0.4703125 0.053125 0.05625
22 0.684375 0.375 0.0484375 0.040625
0 0.3609375 0.39375 0.05 0.04375
21 0.578125 0.3828125 0.05 0.04375
15 0.3546875 0.4828125 0.0578125 0.0578125