25 0.5421875 0.440625 0.059375 0.0609375
32 0.2734375 0.3421875 0.0546875 0.0203125
25 0.478125 0.4375 0.059375 0.0625
14 0.2109375 0.446875 0.0625 0.0578125
48 0.565625 0.359375 0.05625 0.046875
42 0.33125 0.34375 0.0546875 0.0171875
8 0.8765625 0.4390625 0.0671875 0.0625
8 0.8078125 0.440625 0.0625 0.0640625
48 0.446875 0.3609375 0.0546875 0.0421875
48 0.390625 0.359375 0.05625 0.046875
48 0.5078125 0.3578125 0.05625 0.0421875
12 0.0734375 0.4484375 0.071875 0.059375
13 0.140625 0.446875 0.0671875 0.059375
14 0.2796875 0.4453125 0.0671875 0.0578125
15 0.346875 0.44375 0.0640625 0.05625
16 0.4125 0.4421875 0.0671875 0.05625
19 0.6765625 0.440625 0.059375 0.0578125
20 0.7421875 0.4390625 0.0625 0.05625