9 0.50625 0.4234375 0.0546875 0.046875
40 0.1578125 0.4390625 0.059375 0.021875
9 0.5609375 0.41875 0.0515625 0.046875
4 0.3203125 0.5328125 0.059375 0.0578125
18 0.3375 0.4390625 0.05625 0.0484375
0 0.5609375 0.496875 0.0515625 0.04375
9 0.4515625 0.428125 0.05625 0.046875
15 0.6140625 0.4125 0.053125 0.046875
15 0.665625 0.4078125 0.0515625 0.046875
22 0.675 0.48125 0.05625 0.046875
38 0.2203125 0.434375 0.0578125 0.021875
20 0.2796875 0.4453125 0.0609375 0.053125
19 0.39375 0.43125 0.05625 0.0484375
15 0.7203125 0.4046875 0.0578125 0.05
12 0.3828125 0.521875 0.05625 0.059375
11 0.4421875 0.5125 0.0640625 0.05
0 0.503125 0.503125 0.059375 0.0515625
21 0.61875 0.4890625 0.0609375 0.0484375
23 0.7984375 0.4734375 0.0703125 0.053125