10 0.3578125 0.4203125 0.065625 0.0671875
40 0.253125 0.3421875 0.0546875 0.0203125
18 0.5078125 0.3578125 0.059375 0.0515625
8 0.7046875 0.4203125 0.06875 0.065625
8 0.6328125 0.4203125 0.065625 0.065625
20 0.64375 0.3484375 0.0671875 0.0546875
7 0.7921875 0.43125 0.09375 0.0484375
23 0.44375 0.359375 0.0578125 0.0546875
9 0.2890625 0.421875 0.065625 0.0640625
23 0.3140625 0.359375 0.0609375 0.05625
7 0.4953125 0.4203125 0.065625 0.0671875
7 0.565625 0.421875 0.0625 0.065625
13 0.075 0.4171875 0.0734375 0.065625
11 0.4265625 0.4203125 0.0609375 0.065625
30 0.18125 0.3421875 0.0640625 0.0203125
19 0.571875 0.359375 0.0609375 0.053125
13 0.146875 0.421875 0.06875 0.065625
13 0.21875 0.421875 0.06875 0.065625
23 0.3796875 0.35625 0.0625 0.0578125