4 0.7828125 0.4640625 0.0578125 0.0625
17 0.39375 0.4640625 0.0609375 0.0625
10 0.196875 0.465625 0.065625 0.0640625
5 0.8484375 0.465625 0.065625 0.0625
15 0.2640625 0.465625 0.0640625 0.0640625
0 0.7140625 0.4609375 0.0609375 0.059375
0 0.6484375 0.45625 0.0609375 0.059375
10 0.10625 0.45625 0.071875 0.065625
1 0.40625 0.3875 0.053125 0.0515625
23 0.521875 0.4625 0.0609375 0.0625
24 0.584375 0.4625 0.0625 0.0640625
22 0.4578125 0.4640625 0.0609375 0.0625
6 0.9203125 0.45625 0.0703125 0.0640625
16 0.3296875 0.465625 0.0625 0.0640625
2 0.4640625 0.3875 0.05625 0.053125
3 0.5265625 0.3859375 0.05625 0.053125