17 0.9203125 0.421875 0.0640625 0.075
16 0.8484375 0.4234375 0.065625 0.071875
6 0.696875 0.3265625 0.0625 0.0515625
15 0.7796875 0.421875 0.0640625 0.071875
6 0.63125 0.3296875 0.0625 0.0515625
6 0.7625 0.325 0.0609375 0.0546875
19 0.1359375 0.4390625 0.06875 0.0671875
19 0.209375 0.4359375 0.06875 0.0609375
19 0.28125 0.434375 0.0703125 0.0609375
20 0.3515625 0.4328125 0.075 0.0609375
20 0.425 0.43125 0.0734375 0.0671875
21 0.496875 0.428125 0.06875 0.065625
21 0.5671875 0.4265625 0.06875 0.065625
22 0.6375 0.425 0.06875 0.0640625
22 0.7078125 0.4234375 0.0671875 0.0640625