7 0.4328125 0.490625 0.0734375 0.0734375
22 0.659375 0.4796875 0.0703125 0.0703125
44 0.2765625 0.384375 0.059375 0.0203125
24 0.8203125 0.475 0.071875 0.071875
2 0.6859375 0.39375 0.0640625 0.059375
4 0.1953125 0.50625 0.071875 0.0765625
23 0.7359375 0.4890625 0.0703125 0.0734375
3 0.1171875 0.503125 0.08125 0.0734375
2 0.61875 0.3953125 0.0640625 0.059375
27 0.3421875 0.403125 0.0703125 0.0609375
27 0.4140625 0.3953125 0.0625 0.0578125
27 0.48125 0.396875 0.065625 0.059375
2 0.55 0.396875 0.0671875 0.059375
5 0.2796875 0.4859375 0.08125 0.06875
6 0.3546875 0.4921875 0.078125 0.0734375
19 0.509375 0.4875 0.0734375 0.071875
19 0.5828125 0.4875 0.0734375 0.075