40 0.096875 0.434375 0.0609375 0.025
13 0.5234375 0.5 0.0609375 0.0640625
2 0.3859375 0.515625 0.0640625 0.0640625
13 0.45625 0.50625 0.0625 0.0640625
24 0.35625 0.4296875 0.0578125 0.05
1 0.715625 0.4859375 0.059375 0.0609375
25 0.2296875 0.4453125 0.0609375 0.0546875
26 0.29375 0.4375 0.0609375 0.0515625
28 0.48125 0.4234375 0.0578125 0.0515625
28 0.5984375 0.4125 0.0578125 0.0546875
14 0.6578125 0.40625 0.0625 0.0515625
14 0.775 0.3984375 0.0609375 0.0484375
28 0.540625 0.41875 0.05625 0.05625
36 0.1625 0.4359375 0.0625 0.0234375
32 0.4171875 0.415625 0.0625 0.021875
14 0.715625 0.4015625 0.0578125 0.05
42 0.825 0.3828125 0.0515625 0.0203125
6 0.5859375 0.496875 0.059375 0.065625
6 0.65 0.49375 0.0609375 0.065625
3 0.3140625 0.5234375 0.0640625 0.0703125