18 0.1578125 0.5296875 0.075 0.0640625
23 0.6890625 0.434375 0.059375 0.0515625
24 0.66875 0.5265625 0.065625 0.0625
24 0.5984375 0.528125 0.0671875 0.0625
2 0.740625 0.525 0.0640625 0.0609375
16 0.5265625 0.528125 0.065625 0.0609375
20 0.3046875 0.5296875 0.0796875 0.0640625
3 0.8125 0.525 0.06875 0.0578125
14 0.3796875 0.5296875 0.071875 0.0640625
21 0.625 0.4359375 0.059375 0.0484375
30 0.3671875 0.4203125 0.0625 0.021875
32 0.4328125 0.4203125 0.0609375 0.0234375
40 0.496875 0.4203125 0.0625 0.021875
44 0.5625 0.421875 0.0609375 0.0203125
22 0.7546875 0.4328125 0.0625 0.046875
19 0.2296875 0.528125 0.06875 0.059375
15 0.453125 0.5265625 0.0734375 0.0609375
4 0.884375 0.5234375 0.06875 0.059375
5 0.95625 0.5234375 0.06875 0.0609375