13 0.80625 0.3828125 0.0609375 0.075
9 0.4703125 0.43125 0.06875 0.0796875
26 0.9296875 0.36875 0.065625 0.0734375
1 0.24375 0.4625 0.0765625 0.0828125
2 0.6109375 0.4109375 0.065625 0.078125
12 0.7421875 0.39375 0.0625 0.078125
2 0.321875 0.453125 0.075 0.0828125
2 0.3984375 0.44375 0.071875 0.0796875
4 0.678125 0.4015625 0.0609375 0.075
3 0.5421875 0.421875 0.06875 0.0796875
22 0.1625 0.475 0.0765625 0.084375
20 0.865625 0.375 0.0546875 0.075
23 0.0765625 0.484375 0.0828125 0.0875
36 0.475 0.3484375 0.0625 0.028125
30 0.546875 0.3390625 0.0625 0.021875