11 0.515625 0.4734375 0.0734375 0.0765625
10 0.5921875 0.4671875 0.0734375 0.075
9 0.6640625 0.4578125 0.075 0.075
18 0.3328125 0.340625 0.0671875 0.05625
25 0.5359375 0.3265625 0.065625 0.05625
25 0.66875 0.3171875 0.0671875 0.0578125
20 0.46875 0.33125 0.0703125 0.05625
25 0.603125 0.321875 0.0640625 0.0578125
6 0.3609375 0.4890625 0.0734375 0.075
28 0.7375 0.4515625 0.075 0.071875
28 0.8140625 0.45 0.071875 0.0640625
13 0.284375 0.4984375 0.071875 0.0734375
5 0.4390625 0.4828125 0.0734375 0.0734375
15 0.1234375 0.5140625 0.0765625 0.075
4 0.4046875 0.565625 0.1046875 0.0609375
30 0.25625 0.3265625 0.0609375 0.025
19 0.4 0.334375 0.0640625 0.05625
14 0.203125 0.5078125 0.0734375 0.0765625