14 0.58125 0.3328125 0.0671875 0.0609375
0 0.140625 0.3890625 0.0734375 0.0625
13 0.65 0.3265625 0.0671875 0.059375
26 0.7828125 0.3140625 0.0796875 0.05625
15 0.6609375 0.471875 0.071875 0.075
1 0.059375 0.3984375 0.0765625 0.065625
46 0.2109375 0.290625 0.0671875 0.0484375
12 0.7359375 0.4640625 0.0734375 0.075
25 0.715625 0.31875 0.0640625 0.05625
24 0.85 0.30625 0.0703125 0.0546875
1 0.3796875 0.2859375 0.0890625 0.04375
2 0.21875 0.3796875 0.0703125 0.0671875
21 0.296875 0.3671875 0.0734375 0.0625
20 0.3703125 0.3578125 0.078125 0.0625
19 0.440625 0.3484375 0.0703125 0.0625
12 0.509375 0.3421875 0.0734375 0.0578125
13 0.5046875 0.490625 0.075 0.0765625
14 0.58125 0.48125 0.075 0.0765625