7 0.3015625 0.44375 0.0484375 0.0453125
21 0.6359375 0.4484375 0.046875 0.046875
21 0.6859375 0.4484375 0.0484375 0.046875
21 0.5875 0.446875 0.0453125 0.0453125
29 0.4921875 0.446875 0.0453125 0.0453125
49 0.44375 0.4453125 0.046875 0.0453125
16 0.78125 0.4484375 0.0515625 0.0453125
49 0.396875 0.44375 0.046875 0.0453125
29 0.540625 0.446875 0.0453125 0.0453125
16 0.7328125 0.4484375 0.0484375 0.046875
49 0.3484375 0.44375 0.0453125 0.0453125
7 0.253125 0.4421875 0.046875 0.0453125
7 0.20625 0.440625 0.05 0.0453125
29 0.840625 0.453125 0.065625 0.034375
40 0.4640625 0.35625 0.0390625 0.0140625
44 0.4203125 0.35625 0.040625 0.015625
0 0.0671875 0.4375 0.0546875 0.04375
0 0.1140625 0.440625 0.0484375 0.04375
0 0.1578125 0.4421875 0.046875 0.04375
34 0.5078125 0.3578125 0.0421875 0.015625
11 0.2046875 0.353125 0.0609375 0.0328125