17 0.4625 0.4953125 0.04375 0.0421875
16 0.4140625 0.4953125 0.0453125 0.0421875
23 0.6578125 0.4953125 0.04375 0.0421875
24 0.70625 0.496875 0.0453125 0.046875
42 0.5265625 0.425 0.0390625 0.0125
25 0.7578125 0.496875 0.05 0.0453125
15 0.3140625 0.4953125 0.046875 0.0421875
38 0.4828125 0.4234375 0.040625 0.0140625
20 0.1140625 0.49375 0.059375 0.0421875
20 0.1640625 0.49375 0.05625 0.0421875
13 0.2140625 0.4953125 0.0484375 0.0421875
14 0.265625 0.4953125 0.05 0.040625
15 0.3640625 0.4953125 0.0484375 0.040625
3 0.5109375 0.49375 0.0453125 0.040625
4 0.5609375 0.49375 0.04375 0.040625
4 0.6078125 0.49375 0.0453125 0.040625
19 0.8078125 0.49375 0.0453125 0.040625
19 0.85625 0.4953125 0.0484375 0.040625