14 0.66875 0.34375 0.065625 0.05625
29 0.7078125 0.440625 0.071875 0.06875
10 0.1640625 0.440625 0.078125 0.06875
20 0.3921875 0.34375 0.0671875 0.0515625
10 0.24375 0.4390625 0.075 0.0671875
21 0.3234375 0.3421875 0.06875 0.05
22 0.4609375 0.34375 0.065625 0.05
15 0.6 0.34375 0.0640625 0.05625
23 0.3984375 0.440625 0.071875 0.065625
13 0.53125 0.3421875 0.0671875 0.0515625
10 0.084375 0.4390625 0.084375 0.06875
22 0.3234375 0.4375 0.0796875 0.0671875
5 0.4765625 0.4390625 0.0765625 0.065625
6 0.553125 0.440625 0.071875 0.0671875
7 0.6296875 0.4390625 0.075 0.0671875
29 0.7796875 0.440625 0.065625 0.0671875