14 0.4984375 0.446875 0.05625 0.065625
10 0.2546875 0.4875 0.059375 0.0671875
0 0.1890625 0.496875 0.0609375 0.0640625
0 0.11875 0.5078125 0.0640625 0.0671875
11 0.31875 0.4765625 0.059375 0.0671875
11 0.3796875 0.4640625 0.0546875 0.065625
12 0.4390625 0.4546875 0.0578125 0.0671875
4 0.5546875 0.434375 0.0546875 0.065625
6 0.6078125 0.428125 0.05 0.06875
8 0.6578125 0.41875 0.053125 0.0703125
8 0.709375 0.4078125 0.0546875 0.0640625
25 0.759375 0.4 0.046875 0.06875
26 0.8015625 0.39375 0.0546875 0.0640625
26 0.85 0.3859375 0.0484375 0.0609375
29 0.896875 0.3765625 0.0484375 0.059375
29 0.9390625 0.36875 0.0453125 0.059375