18 0.0953125 0.425 0.0546875 0.0671875
21 0.2578125 0.453125 0.0546875 0.0671875
7 0.8125 0.546875 0.06875 0.0796875
20 0.2015625 0.44375 0.05625 0.071875
46 0.884375 0.5578125 0.06875 0.078125
21 0.3140625 0.4609375 0.0546875 0.06875
1 0.5515625 0.5015625 0.059375 0.071875
1 0.490625 0.490625 0.0578125 0.0703125
6 0.7453125 0.534375 0.065625 0.0765625
3 0.6140625 0.5125 0.0625 0.071875
5 0.678125 0.5234375 0.0625 0.0765625
0 0.4296875 0.4796875 0.05625 0.0703125
19 0.146875 0.434375 0.0546875 0.0671875
25 0.3703125 0.471875 0.05625 0.0734375
16 0.0421875 0.4140625 0.0484375 0.0671875