18 0.196875 0.5 0.0546875 0.0515625
2 0.0875 0.50625 0.05 0.0515625
21 0.46875 0.4875 0.0515625 0.053125
23 0.5234375 0.4859375 0.05 0.0546875
20 0.30625 0.4953125 0.05625 0.0546875
11 0.6828125 0.478125 0.0484375 0.05625
29 0.8421875 0.471875 0.05 0.05
21 0.3609375 0.4921875 0.0546875 0.0515625
23 0.5765625 0.4828125 0.05 0.0546875
24 0.6296875 0.48125 0.05 0.0546875
46 0.8953125 0.4703125 0.05 0.053125
21 0.415625 0.490625 0.053125 0.0515625
27 0.7875 0.4734375 0.05 0.053125
13 0.734375 0.475 0.053125 0.0515625
19 0.25 0.496875 0.053125 0.053125
3 0.140625 0.5046875 0.0546875 0.0578125