26 0.7921875 0.446875 0.0671875 0.06875
36 0.490625 0.3515625 0.053125 0.0265625
28 0.6609375 0.4640625 0.0625 0.0640625
44 0.378125 0.396875 0.0546875 0.025
0 0.596875 0.4734375 0.0625 0.065625
29 0.7265625 0.45625 0.0640625 0.065625
3 0.3109375 0.5203125 0.0671875 0.06875
12 0.1640625 0.5421875 0.0703125 0.071875
8 0.56875 0.6578125 0.0609375 0.071875
17 0.2390625 0.53125 0.06875 0.0703125
42 0.43125 0.359375 0.059375 0.025
38 0.56875 0.371875 0.059375 0.028125
21 0.4609375 0.4921875 0.065625 0.0671875
21 0.5296875 0.4875 0.0640625 0.06875