13 0.2625 0.5015625 0.065625 0.0640625
11 0.053125 0.5296875 0.06875 0.0671875
2 0.821875 0.43125 0.0578125 0.0609375
13 0.1921875 0.509375 0.065625 0.0640625
13 0.1234375 0.5171875 0.065625 0.0625
2 0.7640625 0.4390625 0.05625 0.0609375
20 0.521875 0.46875 0.059375 0.0625
3 0.7046875 0.446875 0.05625 0.0609375
44 0.7 0.3546875 0.03125 0.0328125
18 0.684375 0.5765625 0.0875 0.046875
17 0.328125 0.49375 0.0640625 0.065625
1 0.878125 0.425 0.053125 0.0578125
15 0.39375 0.4875 0.0625 0.0625
21 0.4578125 0.478125 0.0609375 0.0609375
7 0.584375 0.4625 0.059375 0.0671875
7 0.6453125 0.4546875 0.05625 0.0625