11 0.2734375 0.4765625 0.0703125 0.0703125
1 0.4078125 0.4 0.0625 0.0625
0 0.128125 0.4 0.0703125 0.059375
1 0.475 0.3984375 0.059375 0.0640625
1 0.340625 0.4 0.0609375 0.0609375
10 0.196875 0.4796875 0.0703125 0.0703125
0 0.2734375 0.4 0.0640625 0.0578125
36 0.321875 0.584375 0.0390625 0.0609375
6 0.6765625 0.3921875 0.0671875 0.0578125
25 0.565625 0.4703125 0.06875 0.06875
20 0.4203125 0.4734375 0.06875 0.06875
25 0.6375 0.46875 0.0703125 0.071875
0 0.203125 0.396875 0.0640625 0.0578125
5 0.5421875 0.39375 0.0625 0.059375
12 0.346875 0.475 0.0671875 0.0703125
21 0.4921875 0.471875 0.0671875 0.06875
7 0.6078125 0.39375 0.065625 0.0609375