18 0.2390625 0.5078125 0.0578125 0.0515625
23 0.6375 0.4640625 0.0546875 0.046875
22 0.584375 0.4703125 0.053125 0.046875
14 0.690625 0.459375 0.053125 0.046875
4 0.046875 0.528125 0.0640625 0.053125
20 0.471875 0.4828125 0.05625 0.05
15 0.74375 0.453125 0.05 0.046875
21 0.528125 0.4765625 0.053125 0.0484375
36 0.3828125 0.41875 0.0515625 0.0171875
49 0.79375 0.446875 0.053125 0.046875
49 0.846875 0.44375 0.0546875 0.046875
49 0.896875 0.4375 0.0578125 0.046875
19 0.3 0.5015625 0.059375 0.053125
19 0.3578125 0.4953125 0.0546875 0.0515625
19 0.4140625 0.4890625 0.0515625 0.0515625
5 0.1140625 0.521875 0.0578125 0.0515625
3 0.1765625 0.5140625 0.0609375 0.0546875