10 0.8671875 0.415625 0.046875 0.0375
20 0.690625 0.4296875 0.053125 0.0375
20 0.734375 0.4265625 0.053125 0.0390625
6 0.5046875 0.44375 0.0484375 0.0390625
20 0.7796875 0.421875 0.053125 0.0390625
10 0.4859375 0.5359375 0.0484375 0.0515625
15 0.4328125 0.5421875 0.05 0.05625
11 0.9109375 0.4109375 0.046875 0.0375
12 0.590625 0.5296875 0.05 0.0515625
6 0.6453125 0.4328125 0.0484375 0.0390625
11 0.5375 0.5328125 0.05 0.0515625
6 0.55 0.4390625 0.0484375 0.0390625
7 0.4078125 0.4515625 0.0484375 0.0421875
32 0.05 0.4890625 0.0328125 0.0328125
30 0.1296875 0.48125 0.028125 0.0359375
34 0.2453125 0.475 0.028125 0.0390625
42 0.2765625 0.46875 0.028125 0.034375
7 0.3578125 0.4546875 0.05 0.04375
7 0.4578125 0.4484375 0.05 0.04375
6 0.596875 0.4359375 0.05 0.040625
12 0.8203125 0.415625 0.046875 0.0359375