9 0.2671875 0.5484375 0.1109375 0.125
20 0.1609375 0.409375 0.08125 0.0984375
27 0.484375 0.4078125 0.078125 0.0953125
15 0.6 0.5484375 0.1078125 0.13125
11 0.3765625 0.546875 0.1109375 0.1296875
27 0.403125 0.4078125 0.078125 0.0953125
27 0.565625 0.4078125 0.078125 0.0953125
21 0.24375 0.409375 0.0828125 0.096875
21 0.3234375 0.4078125 0.08125 0.0953125
13 0.4890625 0.546875 0.10625 0.125
48 0.646875 0.4078125 0.075 0.0953125
48 0.725 0.40625 0.0734375 0.090625
48 0.8078125 0.4046875 0.0734375 0.0953125
17 0.709375 0.546875 0.1 0.1234375