2 0.4328125 0.434375 0.0453125 0.0390625
9 0.3984375 0.5046875 0.05 0.046875
9 0.3453125 0.5046875 0.05 0.046875
24 0.6140625 0.503125 0.05 0.0515625
9 0.453125 0.503125 0.0484375 0.0453125
8 0.559375 0.503125 0.05 0.053125
1 0.48125 0.434375 0.04375 0.0375
20 0.5296875 0.4328125 0.046875 0.040625
25 0.66875 0.5015625 0.05 0.05
25 0.7234375 0.5015625 0.05 0.05
7 0.50625 0.5046875 0.05 0.0515625
0 0.3828125 0.434375 0.05 0.0390625
19 0.578125 0.4296875 0.046875 0.0390625
21 0.6265625 0.4296875 0.046875 0.040625
14 0.2328125 0.50625 0.05625 0.05
14 0.2890625 0.5046875 0.053125 0.0484375