18 0.2765625 0.45 0.0578125 0.05
18 0.3390625 0.44375 0.059375 0.05
8 0.5578125 0.48125 0.0625 0.0578125
18 0.4015625 0.4375 0.059375 0.05
32 0.2109375 0.4390625 0.0609375 0.0203125
6 0.84375 0.4578125 0.06875 0.0546875
16 0.7234375 0.4703125 0.0625 0.0546875
27 0.234375 0.5109375 0.0625 0.0546875
27 0.1671875 0.5171875 0.0671875 0.0609375
14 0.3 0.503125 0.0640625 0.0578125
13 0.36875 0.4984375 0.0609375 0.0578125
12 0.4328125 0.4921875 0.06875 0.05625
7 0.4953125 0.4859375 0.065625 0.05625
19 0.4609375 0.4328125 0.0640625 0.053125
19 0.521875 0.428125 0.0609375 0.0484375
19 0.5828125 0.425 0.0625 0.05
15 0.6203125 0.475 0.065625 0.05625
17 0.778125 0.4625 0.0625 0.053125