4 0.6578125 0.4640625 0.059375 0.05625
28 0.4546875 0.4015625 0.05625 0.05
3 0.5953125 0.484375 0.0625 0.059375
28 0.5140625 0.396875 0.0578125 0.05
29 0.209375 0.425 0.0625 0.0546875
15 0.5296875 0.46875 0.059375 0.0578125
28 0.56875 0.3859375 0.0578125 0.0484375
29 0.1453125 0.4328125 0.0640625 0.05625
28 0.7890625 0.359375 0.05625 0.0484375
36 0.390625 0.3875 0.0546875 0.01875
21 0.68125 0.378125 0.059375 0.046875
14 0.4671875 0.465625 0.059375 0.059375
20 0.740625 0.375 0.0640625 0.0484375
29 0.078125 0.4390625 0.065625 0.0578125
22 0.6234375 0.3796875 0.0546875 0.0484375
5 0.7234375 0.475 0.0640625 0.0578125
13 0.390625 0.4609375 0.059375 0.0578125
34 0.33125 0.3953125 0.0546875 0.021875
38 0.2703125 0.403125 0.05625 0.025
27 0.7875 0.48125 0.0609375 0.0609375
27 0.853125 0.484375 0.0671875 0.0609375