40 0.3859375 0.4125 0.05625 0.0265625
1 0.2578125 0.5578125 0.0734375 0.06875
1 0.334375 0.5453125 0.0703125 0.0671875
5 0.7546875 0.478125 0.0609375 0.065625
5 0.6875 0.4890625 0.065625 0.0640625
23 0.94375 0.4515625 0.0640625 0.06875
1 0.178125 0.5703125 0.0765625 0.0703125
10 0.6203125 0.496875 0.0640625 0.0640625
5 0.815625 0.46875 0.0578125 0.0640625
30 0.4484375 0.403125 0.0625 0.0234375
49 0.5203125 0.409375 0.0640625 0.05625
49 0.584375 0.4015625 0.06875 0.05625
49 0.6484375 0.39375 0.0625 0.05625
20 0.4078125 0.5328125 0.0703125 0.065625
21 0.48125 0.521875 0.0703125 0.0640625
11 0.5515625 0.5078125 0.0703125 0.0671875
20 0.8796875 0.45625 0.0578125 0.0609375