1 0.7515625 0.4234375 0.0625 0.05625
6 0.33125 0.521875 0.071875 0.0671875
16 0.4140625 0.425 0.0640625 0.05
16 0.3453125 0.425 0.065625 0.0515625
0 0.684375 0.41875 0.0625 0.05
12 0.63125 0.5171875 0.06875 0.065625
26 0.55625 0.51875 0.0703125 0.0640625
17 0.4828125 0.425 0.0640625 0.0515625
38 0.2109375 0.40625 0.0640625 0.0203125
17 0.55 0.4234375 0.0625 0.053125
2 0.8234375 0.4203125 0.0671875 0.059375
25 0.4828125 0.5203125 0.065625 0.065625
30 0.140625 0.4046875 0.0609375 0.0203125
16 0.275 0.425 0.0671875 0.0578125
17 0.61875 0.4203125 0.0640625 0.053125
5 0.2484375 0.521875 0.0796875 0.06875
24 0.40625 0.5203125 0.078125 0.0671875
12 0.70625 0.515625 0.06875 0.0625