11 0.609375 0.4421875 0.0640625 0.0640625
11 0.5375 0.4421875 0.065625 0.0609375
14 0.753125 0.4421875 0.06875 0.05625
12 0.68125 0.4421875 0.0671875 0.0609375
49 0.4390625 0.35 0.0609375 0.046875
23 0.465625 0.4421875 0.0640625 0.0609375
5 0.503125 0.3515625 0.0609375 0.05
44 0.24375 0.334375 0.06875 0.0203125
49 0.3109375 0.3484375 0.0609375 0.0515625
49 0.3765625 0.35 0.0609375 0.0484375
5 0.565625 0.35 0.0609375 0.0515625
5 0.6328125 0.35 0.0671875 0.046875
20 0.1 0.4421875 0.078125 0.0625
21 0.1734375 0.4421875 0.075 0.0609375
22 0.25 0.4421875 0.0734375 0.059375
22 0.321875 0.4421875 0.0703125 0.059375
22 0.39375 0.4421875 0.0671875 0.0609375