21 0.8171875 0.4828125 0.05625 0.05625
10 0.878125 0.4796875 0.0546875 0.0609375
29 0.9390625 0.4796875 0.05625 0.05625
46 0.1375 0.5 0.0609375 0.05625
0 0.5125 0.4890625 0.0546875 0.05625
46 0.0734375 0.5015625 0.0625 0.05625
5 0.6953125 0.4859375 0.05625 0.059375
13 0.2 0.5 0.0609375 0.0609375
16 0.3875 0.4953125 0.0578125 0.0609375
14 0.2625 0.4984375 0.05625 0.059375
14 0.3234375 0.4953125 0.0625 0.0578125
0 0.45 0.4921875 0.0609375 0.059375
4 0.5734375 0.4875 0.0578125 0.059375
5 0.634375 0.4859375 0.0578125 0.0578125
6 0.7578125 0.4828125 0.0578125 0.05625