18 0.825 0.4078125 0.053125 0.0453125
13 0.325 0.4953125 0.0640625 0.053125
1 0.86875 0.4015625 0.046875 0.0421875
40 0.3328125 0.425 0.0515625 0.0234375
44 0.3890625 0.41875 0.046875 0.0203125
12 0.1390625 0.525 0.06875 0.0578125
12 0.2046875 0.5140625 0.071875 0.05625
12 0.2671875 0.5046875 0.0671875 0.05625
14 0.384375 0.4859375 0.065625 0.053125
15 0.4375 0.478125 0.065625 0.05
0 0.4921875 0.465625 0.0640625 0.0453125
0 0.54375 0.45625 0.0625 0.046875
24 0.59375 0.45 0.071875 0.05
25 0.6453125 0.44375 0.0671875 0.05
26 0.69375 0.4328125 0.06875 0.046875
20 0.7390625 0.425 0.071875 0.04375
19 0.78125 0.415625 0.05625 0.0421875
1 0.9046875 0.39375 0.0609375 0.0390625