11 0.4671875 0.51875 0.065625 0.0671875
40 0.3359375 0.3671875 0.0515625 0.021875
1 0.603125 0.503125 0.065625 0.0640625
1 0.66875 0.4953125 0.065625 0.065625
1 0.7390625 0.4875 0.0671875 0.0640625
1 0.278125 0.3875 0.0546875 0.05
23 0.58125 0.359375 0.0578125 0.05
12 0.3953125 0.51875 0.065625 0.0609375
23 0.5234375 0.365625 0.0578125 0.05
14 0.1015625 0.540625 0.06875 0.0703125
0 0.2140625 0.3921875 0.059375 0.0515625
36 0.459375 0.35625 0.0546875 0.0203125
13 0.253125 0.5359375 0.06875 0.06875
10 0.534375 0.509375 0.0671875 0.065625
13 0.1796875 0.5453125 0.06875 0.071875
13 0.321875 0.528125 0.0609375 0.0640625
2 0.1484375 0.4 0.0625 0.05625
38 0.3953125 0.3609375 0.05625 0.0203125
23 0.7828125 0.35625 0.08125 0.05625