18 0.58125 0.4640625 0.053125 0.0625
2 0.3484375 0.496875 0.0609375 0.0609375
28 0.0796875 0.534375 0.071875 0.071875
10 0.7890625 0.4328125 0.05 0.059375
13 0.7390625 0.440625 0.05 0.0609375
17 0.409375 0.4890625 0.05625 0.065625
17 0.46875 0.48125 0.05625 0.0625
29 0.1515625 0.525 0.0625 0.065625
8 0.2203125 0.515625 0.065625 0.06875
48 0.2859375 0.50625 0.0609375 0.0640625
4 0.8375 0.4265625 0.04375 0.05625
5 0.8828125 0.4203125 0.0484375 0.0578125
15 0.5265625 0.4734375 0.0515625 0.0671875
15 0.6359375 0.45625 0.053125 0.065625
14 0.6890625 0.446875 0.0515625 0.0609375
6 0.9296875 0.4125 0.0484375 0.0578125