26 0.6796875 0.4640625 0.0578125 0.0546875
24 0.559375 0.48125 0.059375 0.0578125
27 0.090625 0.5421875 0.071875 0.0546875
25 0.6203125 0.471875 0.05625 0.05625
14 0.7984375 0.446875 0.05625 0.05625
32 0.5984375 0.38125 0.053125 0.0234375
40 0.65625 0.378125 0.053125 0.021875
27 0.1625 0.5328125 0.06875 0.059375
2 0.234375 0.5234375 0.0625 0.0625
1 0.303125 0.5171875 0.06875 0.0609375
20 0.36875 0.50625 0.0625 0.0609375
21 0.4328125 0.4953125 0.059375 0.05625
21 0.4953125 0.4890625 0.0609375 0.05625
13 0.7375 0.45625 0.05625 0.0578125
17 0.8546875 0.4421875 0.0515625 0.059375
17 0.909375 0.4328125 0.053125 0.05625
4 0.9640625 0.4265625 0.053125 0.0609375