8 0.721875 0.4875 0.0640625 0.05625
8 0.65625 0.4890625 0.0609375 0.0546875
14 0.3296875 0.5 0.0625 0.0546875
13 0.2625 0.5046875 0.059375 0.05625
17 0.7625 0.38125 0.0546875 0.046875
1 0.4640625 0.3921875 0.05 0.0453125
15 0.3953125 0.496875 0.059375 0.0546875
3 0.584375 0.3875 0.05625 0.04375
17 0.703125 0.3859375 0.0546875 0.046875
6 0.19375 0.5078125 0.0625 0.0546875
2 0.5234375 0.3890625 0.0625 0.0453125
17 0.6421875 0.3859375 0.0546875 0.046875
20 0.459375 0.49375 0.065625 0.0546875
20 0.5265625 0.490625 0.0640625 0.05625
20 0.5921875 0.4921875 0.0671875 0.05625
5 0.1265625 0.5109375 0.0671875 0.059375