12 0.73125 0.328125 0.065625 0.0546875
26 0.325 0.5265625 0.075 0.065625
18 0.340625 0.3703125 0.065625 0.0578125
40 0.1984375 0.375 0.0640625 0.025
0 0.628125 0.4890625 0.06875 0.0703125
12 0.6703125 0.3375 0.0625 0.0546875
15 0.703125 0.4828125 0.071875 0.0703125
24 0.4015625 0.5203125 0.071875 0.071875
14 0.4796875 0.5078125 0.06875 0.071875
12 0.796875 0.3234375 0.06875 0.053125
20 0.26875 0.384375 0.0703125 0.0609375
19 0.409375 0.3640625 0.0671875 0.0578125
15 0.475 0.3578125 0.0625 0.05625
16 0.5390625 0.3453125 0.065625 0.059375
14 0.6046875 0.340625 0.0640625 0.0578125
6 0.553125 0.5 0.0734375 0.0734375
25 0.24375 0.53125 0.0796875 0.0671875
38 0.125 0.378125 0.06875 0.025