2 0.0734375 0.10078125 0.0671875 0.10546875
3 0.1359375 0.1 0.0671875 0.10546875
3 0.20234375 0.10078125 0.0671875 0.10546875
4 0.26796875 0.10078125 0.06796875 0.10546875
20 0.33359375 0.1 0.0671875 0.10546875
21 0.39765625 0.1015625 0.0671875 0.10625
22 0.46328125 0.1 0.0671875 0.10546875
23 0.52734375 0.1 0.06796875 0.10546875
9 0.59453125 0.1 0.0671875 0.10546875
10 0.6578125 0.09609375 0.06796875 0.10546875
11 0.725 0.09609375 0.06796875 0.10625
11 0.78828125 0.09765625 0.0671875 0.10546875
12 0.853125 0.09609375 0.0671875 0.10625
10 0.0703125 0.20546875 0.06796875 0.10546875
12 0.1328125 0.20546875 0.06796875 0.10625
4 0.20078125 0.20703125 0.06796875 0.10625
14 0.2671875 0.20859375 0.0671875 0.10546875
15 0.33203125 0.20859375 0.0671875 0.10546875
15 0.3984375 0.20703125 0.0671875 0.10625
15 0.4625 0.20703125 0.0671875 0.10625
5 0.528125 0.20546875 0.0671875 0.10546875
6 0.59375 0.20390625 0.0671875 0.10546875
7 0.66015625 0.20390625 0.0671875 0.10546875
8 0.72578125 0.2046875 0.06796875 0.10625
18 0.79140625 0.2 0.0671875 0.10546875
19 0.85703125 0.2015625 0.06796875 0.10546875
33 0.86171875 0.30625 0.06796875 0.10625
33 0.7953125 0.3078125 0.0671875 0.10546875
8 0.728125 0.309375 0.06796875 0.10546875
7 0.66171875 0.30859375 0.06796875 0.10625
6 0.59453125 0.31015625 0.06796875 0.10546875
16 0.52890625 0.309375 0.0671875 0.10546875
16 0.46328125 0.31015625 0.06796875 0.10546875
16 0.4 0.3140625 0.0671875 0.10546875
14 0.33515625 0.3125 0.06796875 0.10546875
22 0.26875 0.3125 0.06796875 0.10546875
22 0.20234375 0.31171875 0.06796875 0.10625
22 0.134375 0.3109375 0.0671875 0.10625
20 0.0671875 0.309375 0.06796875 0.10625
1 0.06328125 0.41796875 0.0671875 0.10546875
2 0.13203125 0.42109375 0.06796875 0.10546875
3 0.19765625 0.42109375 0.0671875 0.10625
4 0.2671875 0.42109375 0.0671875 0.10625
5 0.33125 0.41640625 0.0671875 0.10546875
6 0.39921875 0.42109375 0.06796875 0.10546875
7 0.46484375 0.41875 0.06796875 0.10625
21 0.53046875 0.41796875 0.0671875 0.10546875
23 0.59609375 0.42109375 0.0671875 0.10625
24 0.6609375 0.41640625 0.0671875 0.10546875
25 0.728125 0.41640625 0.0671875 0.10546875
25 0.7953125 0.41796875 0.0671875 0.10546875
25 0.8640625 0.41484375 0.0671875 0.10625
16 0.8671875 0.52578125 0.0671875 0.10546875
14 0.79765625 0.5265625 0.0671875 0.10546875
13 0.7328125 0.528125 0.0671875 0.10546875
12 0.6640625 0.528125 0.0671875 0.10546875
12 0.59765625 0.528125 0.0671875 0.10546875
11 0.53125 0.52578125 0.06796875 0.10546875
10 0.46484375 0.52578125 0.06796875 0.10625
10 0.3984375 0.5296875 0.0671875 0.10625
6 0.33125 0.528125 0.0671875 0.10625
4 0.2671875 0.53046875 0.0671875 0.10546875
3 0.2 0.5296875 0.06796875 0.10625
2 0.13046875 0.528125 0.0671875 0.10625
1 0.0609375 0.528125 0.0671875 0.10546875
1 0.059375 0.6390625 0.0671875 0.10546875
1 0.1296875 0.63671875 0.0671875 0.10546875
2 0.1984375 0.6421875 0.0671875 0.10625
19 0.265625 0.63984375 0.06796875 0.10625
20 0.3328125 0.63984375 0.06796875 0.10546875
20 0.396875 0.6375 0.06796875 0.10546875
21 0.465625 0.6375 0.0671875 0.10546875
21 0.53125 0.6375 0.0671875 0.10625
26 0.59921875 0.63671875 0.06796875 0.10546875
26 0.66796875 0.63671875 0.0671875 0.10546875
32 0.73671875 0.63515625 0.06796875 0.10546875
32 0.80234375 0.63828125 0.0671875 0.10625
32 0.86953125 0.634375 0.0671875 0.10546875
25 0.875 0.74765625 0.06796875 0.10546875
24 0.80546875 0.74921875 0.0671875 0.10625
23 0.7359375 0.7484375 0.0671875 0.10625
5 0.6703125 0.74609375 0.06796875 0.10546875
4 0.6 0.7484375 0.0671875 0.10546875
15 0.53203125 0.7484375 0.06796875 0.10546875
14 0.465625 0.7484375 0.06796875 0.10546875
13 0.4 0.7515625 0.0671875 0.10546875
13 0.3328125 0.75 0.06796875 0.10546875
11 0.26484375 0.75 0.06796875 0.10546875
9 0.1953125 0.75234375 0.0671875 0.10546875
9 0.12734375 0.7515625 0.0671875 0.10625
9 0.05546875 0.75234375 0.0671875 0.10546875
18 0.05234375 0.865625 0.0671875 0.10625
18 0.1234375 0.86484375 0.06796875 0.10546875
18 0.19140625 0.86484375 0.0671875 0.10546875
19 0.26171875 0.865625 0.0671875 0.10546875
24 0.33046875 0.8625 0.0671875 0.10625
24 0.39921875 0.86328125 0.06796875 0.10546875
26 0.4671875 0.8640625 0.0671875 0.10625
17 0.534375 0.86484375 0.0671875 0.10546875
17 0.603125 0.86328125 0.06796875 0.10546875
17 0.67109375 0.86328125 0.0671875 0.10546875
0 0.73984375 0.86171875 0.0671875 0.10625
0 0.80859375 0.8625 0.06796875 0.10625
0 0.8796875 0.86484375 0.0671875 0.10546875