27 0.85859375 0.065625 0.11796875 0.06015625
18 0.86171875 0.12890625 0.1234375 0.06640625
19 0.86484375 0.1953125 0.11875 0.0625
1 0.86796875 0.2609375 0.12265625 0.06796875
29 0.8734375 0.33046875 0.1203125 0.06640625
0 0.87578125 0.39609375 0.12578125 0.071875
15 0.88046875 0.46875 0.1234375 0.07265625
22 0.8859375 0.540625 0.12265625 0.071875
11 0.89140625 0.6171875 0.1234375 0.0734375
1 0.89453125 0.6921875 0.1234375 0.07421875
27 0.896875 0.77265625 0.128125 0.08125
22 0.90390625 0.85078125 0.12578125 0.08515625
33 0.90703125 0.93046875 0.1296875 0.08359375
17 0.7375 0.06484375 0.11875 0.06328125
24 0.7375 0.128125 0.12265625 0.06328125
30 0.74296875 0.19453125 0.12734375 0.06484375
13 0.74375 0.2625 0.128125 0.06875
6 0.7453125 0.32890625 0.12421875 0.06796875
22 0.75234375 0.40234375 0.1328125 0.07578125
32 0.75390625 0.471875 0.134375 0.071875
15 0.7546875 0.54609375 0.1359375 0.075
7 0.759375 0.62265625 0.13828125 0.07578125
24 0.7625 0.69765625 0.1359375 0.0796875
12 0.7640625 0.7765625 0.134375 0.08203125
21 0.76640625 0.85703125 0.13984375 0.08359375
23 0.7734375 0.93671875 0.13515625 0.08359375
5 0.61484375 0.0640625 0.12265625 0.0625
3 0.6171875 0.128125 0.1234375 0.06328125
14 0.61796875 0.19453125 0.12578125 0.06796875
33 0.615625 0.2625 0.12734375 0.06953125
4 0.61796875 0.33125 0.12578125 0.07421875
31 0.6203125 0.39921875 0.13125 0.06796875
9 0.62421875 0.471875 0.13125 0.07265625
10 0.621875 0.54375 0.13203125 0.0734375
25 0.62421875 0.6203125 0.13359375 0.0796875
3 0.6265625 0.696875 0.13125 0.0796875
1 0.62734375 0.77578125 0.13359375 0.0765625
20 0.62890625 0.85703125 0.1390625 0.08125
31 0.63125 0.940625 0.13359375 0.084375
9 0.48984375 0.06015625 0.1265625 0.065625
28 0.49140625 0.1234375 0.1234375 0.0640625
15 0.49140625 0.190625 0.12734375 0.065625
21 0.490625 0.26015625 0.128125 0.0703125
17 0.49296875 0.3296875 0.13125 0.0703125
33 0.48984375 0.4015625 0.13125 0.0734375
9 0.4875 0.4734375 0.13125 0.07109375
32 0.49140625 0.54453125 0.12734375 0.071875
16 0.48828125 0.62265625 0.13515625 0.07421875
7 0.490625 0.6984375 0.1390625 0.07734375
14 0.4890625 0.778125 0.13828125 0.0796875
4 0.48828125 0.85859375 0.140625 0.0734375
12 0.4890625 0.9421875 0.1375 0.084375
30 0.365625 0.05703125 0.134375 0.06640625
19 0.3625 0.12109375 0.12890625 0.0609375
13 0.36171875 0.18671875 0.12578125 0.06328125
0 0.35703125 0.25859375 0.13125 0.06796875
2 0.359375 0.32734375 0.1375 0.0734375
1 0.35703125 0.4 0.14140625 0.0734375
3 0.35546875 0.471875 0.134375 0.0734375
7 0.35078125 0.54453125 0.14140625 0.07421875
23 0.353125 0.6234375 0.13515625 0.07578125
30 0.35234375 0.696875 0.13828125 0.08125
30 0.35 0.778125 0.13515625 0.08046875
29 0.346875 0.86328125 0.146875 0.0875
11 0.34453125 0.9453125 0.14453125 0.08515625
9 0.2375 0.05234375 0.13125 0.06171875
5 0.234375 0.11875 0.128125 0.06328125
8 0.228125 0.18515625 0.134375 0.0671875
12 0.22734375 0.253125 0.12578125 0.0640625
11 0.22734375 0.3234375 0.1375 0.0671875
24 0.221875 0.39765625 0.14140625 0.075
25 0.21875 0.47265625 0.14140625 0.07265625
0 0.2140625 0.5453125 0.13828125 0.0734375
19 0.2140625 0.62109375 0.14140625 0.07421875
31 0.20859375 0.70078125 0.14921875 0.0796875
20 0.20703125 0.78046875 0.146875 0.08359375
26 0.20234375 0.8640625 0.14375 0.0859375
29 0.19921875 0.94921875 0.14375 0.08359375
16 0.109375 0.05078125 0.13359375 0.0609375
14 0.10546875 0.1171875 0.13203125 0.0625
32 0.10078125 0.18359375 0.128125 0.06875
2 0.090625 0.25234375 0.1375 0.07109375
26 0.0859375 0.32109375 0.14375 0.06953125
2 0.0890625 0.39609375 0.1359375 0.07265625
8 0.0796875 0.46953125 0.14375 0.07734375
25 0.075 0.54609375 0.14296875 0.075