27 0.10703125 0.3375 0.1234375 0.11875
8 0.10703125 0.45390625 0.1234375 0.11328125
4 0.1078125 0.56640625 0.12578125 0.11484375
14 0.115625 0.67578125 0.12578125 0.11875
9 0.228125 0.671875 0.11796875 0.11484375
28 0.2234375 0.565625 0.11875 0.1140625
12 0.2234375 0.45390625 0.11875 0.1109375
15 0.22109375 0.3453125 0.1171875 0.115625
22 0.3328125 0.34609375 0.109375 0.109375
30 0.33203125 0.45390625 0.115625 0.10859375
24 0.33359375 0.5609375 0.109375 0.10859375
30 0.3390625 0.66640625 0.1125 0.11328125
22 0.4390625 0.35 0.109375 0.1125
9 0.43828125 0.4546875 0.10390625 0.10703125
23 0.43828125 0.56015625 0.10390625 0.10859375
15 0.43984375 0.66171875 0.1046875 0.1078125
33 0.53984375 0.35234375 0.10546875 0.109375
8 0.5375 0.45703125 0.10703125 0.10703125
6 0.5390625 0.5578125 0.10234375 0.10703125
25 0.5390625 0.659375 0.10234375 0.10390625
6 0.6390625 0.653125 0.0984375 0.10390625
29 0.640625 0.55546875 0.10078125 0.10234375
31 0.63828125 0.45546875 0.1 0.10390625
23 0.63984375 0.35625 0.09765625 0.10390625
0 0.73046875 0.35625 0.09140625 0.10546875
1 0.73046875 0.4546875 0.09296875 0.09921875
7 0.73125 0.55078125 0.0921875 0.09765625
4 0.73046875 0.64609375 0.096875 0.10078125
10 0.81875 0.64453125 0.08671875 0.09765625
26 0.82109375 0.54765625 0.09140625 0.0984375
32 0.8234375 0.45390625 0.08828125 0.09765625
27 0.82109375 0.35625 0.09296875 0.103125
31 0.90625 0.35859375 0.0859375 0.0984375
16 0.90859375 0.453125 0.08359375 0.09921875
13 0.90625 0.5453125 0.08828125 0.09375
31 0.903125 0.6375 0.08359375 0.09453125