18 0.84375 0.24296875 0.0546875 0.0828125
18 0.79453125 0.23984375 0.0546875 0.0828125
18 0.746875 0.23984375 0.053125 0.0828125
19 0.69765625 0.23984375 0.0515625 0.0859375
19 0.65 0.240625 0.04765625 0.084375
20 0.603125 0.2390625 0.04765625 0.084375
21 0.55625 0.23515625 0.0484375 0.0859375
22 0.50703125 0.2328125 0.0484375 0.0875
22 0.46015625 0.23203125 0.0515625 0.084375
23 0.4140625 0.2296875 0.04765625 0.0890625
24 0.36640625 0.22890625 0.0578125 0.08125
25 0.3203125 0.2328125 0.05625 0.084375
26 0.27109375 0.2296875 0.06015625 0.0859375