29 0.12265625 0.02890625 0.11015625 0.0578125
13 0.11875 0.08515625 0.11171875 0.0609375
18 0.1125 0.1453125 0.10703125 0.06328125
24 0.11171875 0.20625 0.10703125 0.059375
18 0.1109375 0.2640625 0.11796875 0.0609375
16 0.10546875 0.3234375 0.11015625 0.06328125
9 0.10703125 0.38515625 0.1140625 0.06171875
3 0.10234375 0.44609375 0.115625 0.0609375
30 0.0984375 0.50703125 0.109375 0.0609375
8 0.09453125 0.56796875 0.1125 0.06328125
15 0.09453125 0.62734375 0.1140625 0.0671875
32 0.09375 0.690625 0.109375 0.0609375
10 0.0859375 0.7546875 0.1140625 0.06328125
6 0.08515625 0.815625 0.109375 0.0609375
25 0.08125 0.8796875 0.11015625 0.059375
26 0.0765625 0.9421875 0.11171875 0.0625
12 0.23046875 0.028125 0.1109375 0.05625
13 0.22578125 0.08203125 0.109375 0.06328125
19 0.225 0.14453125 0.10859375 0.06171875
29 0.225 0.20078125 0.1109375 0.06328125
8 0.221875 0.2578125 0.11015625 0.06171875
1 0.21875 0.321875 0.115625 0.06484375
13 0.2140625 0.38125 0.1125 0.06640625
9 0.2140625 0.440625 0.1125 0.06328125
6 0.2109375 0.50234375 0.11171875 0.06484375
10 0.20703125 0.5640625 0.11015625 0.0609375
8 0.20234375 0.62578125 0.11484375 0.06171875
33 0.20234375 0.68828125 0.1140625 0.06875
4 0.196875 0.74921875 0.11484375 0.06796875
15 0.19609375 0.81328125 0.11015625 0.0640625
6 0.19296875 0.878125 0.115625 0.06640625
10 0.1921875 0.940625 0.11015625 0.06328125
20 0.340625 0.02734375 0.10859375 0.0546875
33 0.334375 0.08515625 0.1109375 0.0578125
15 0.33515625 0.14296875 0.1140625 0.0578125
29 0.3328125 0.20234375 0.1109375 0.06171875
7 0.3328125 0.2625 0.109375 0.06796875
27 0.32890625 0.3234375 0.11484375 0.065625
24 0.328125 0.38125 0.11484375 0.059375
29 0.32421875 0.44296875 0.1140625 0.059375
16 0.32265625 0.5046875 0.1203125 0.0609375
17 0.31953125 0.5640625 0.1046875 0.05859375
16 0.31484375 0.625 0.10859375 0.06328125
5 0.3125 0.68984375 0.109375 0.065625
5 0.31015625 0.75234375 0.1140625 0.0671875
32 0.30625 0.81484375 0.1140625 0.06640625
14 0.30859375 0.8765625 0.11640625 0.06328125
7 0.309375 0.94140625 0.1140625 0.06640625
28 0.4453125 0.02734375 0.10546875 0.0546875
5 0.44296875 0.08203125 0.10625 0.06015625
21 0.44375 0.1421875 0.10546875 0.06015625
9 0.440625 0.2015625 0.11796875 0.06640625
25 0.440625 0.26015625 0.11015625 0.06328125
22 0.43828125 0.31875 0.1125 0.065625
9 0.4359375 0.3796875 0.10625 0.0625
3 0.4328125 0.4421875 0.10703125 0.06328125
26 0.4296875 0.50234375 0.1125 0.0625
6 0.43203125 0.56328125 0.11484375 0.06875
5 0.428125 0.6265625 0.115625 0.0671875
32 0.425 0.6875 0.1125 0.0625
28 0.4203125 0.74921875 0.115625 0.065625
8 0.41953125 0.815625 0.1109375 0.06640625
21 0.41796875 0.875 0.1140625 0.06484375
23 0.41875 0.9390625 0.1140625 0.06328125
20 0.55546875 0.028125 0.1125 0.05625
14 0.5515625 0.08359375 0.1109375 0.0609375
21 0.55390625 0.14453125 0.1109375 0.0609375
25 0.5484375 0.20234375 0.10390625 0.0625
22 0.5484375 0.2625 0.1140625 0.0625
22 0.54609375 0.32109375 0.11171875 0.0609375
23 0.5421875 0.38203125 0.109375 0.06328125
22 0.54296875 0.44375 0.10703125 0.0578125
19 0.54140625 0.5046875 0.11015625 0.06171875
7 0.53984375 0.565625 0.1140625 0.06328125
11 0.5421875 0.62734375 0.1140625 0.0640625
33 0.53359375 0.6921875 0.11484375 0.06484375
31 0.5359375 0.75546875 0.10859375 0.06171875
19 0.5328125 0.81640625 0.115625 0.06328125
24 0.53125 0.88046875 0.11171875 0.06484375
16 0.53515625 0.9453125 0.1171875 0.065625
32 0.66015625 0.028125 0.11484375 0.05625
23 0.6625 0.0859375 0.10859375 0.05859375
30 0.6609375 0.14296875 0.10703125 0.0578125
0 0.65703125 0.2015625 0.11015625 0.05703125
18 0.65625 0.2640625 0.1109375 0.06484375
27 0.65625 0.3234375 0.10625 0.05859375
19 0.65625 0.38125 0.11015625 0.06328125
27 0.65625 0.44296875 0.10703125 0.06484375
31 0.65 0.5015625 0.109375 0.06015625
28 0.65 0.5640625 0.10859375 0.0671875
14 0.6515625 0.62578125 0.10703125 0.06015625
12 0.646875 0.68671875 0.1140625 0.065625
20 0.65 0.75 0.11640625 0.0640625
27 0.64765625 0.81328125 0.115625 0.06171875
2 0.6484375 0.87890625 0.11796875 0.059375
3 0.64765625 0.940625 0.115625 0.06328125
4 0.76953125 0.028125 0.10625 0.05390625
21 0.76640625 0.08515625 0.10390625 0.05859375
20 0.7671875 0.14375 0.10078125 0.06015625
11 0.76328125 0.20390625 0.10703125 0.0640625
4 0.7671875 0.2640625 0.1140625 0.0640625
0 0.76484375 0.3234375 0.1125 0.06328125
26 0.765625 0.38359375 0.10859375 0.0625
12 0.76328125 0.44375 0.109375 0.06015625
11 0.7625 0.5015625 0.11484375 0.065625
11 0.76171875 0.56328125 0.11171875 0.0609375
10 0.7625 0.62578125 0.1171875 0.06328125
14 0.75859375 0.6875 0.11484375 0.065625
30 0.7609375 0.75078125 0.1109375 0.0640625
2 0.75859375 0.81328125 0.11484375 0.06328125
1 0.75859375 0.878125 0.1125 0.06796875
2 0.76015625 0.9421875 0.11640625 0.06640625
3 0.871875 0.034375 0.1046875 0.06328125
2 0.87421875 0.09375 0.11484375 0.0609375
23 0.8703125 0.15234375 0.10625 0.059375
7 0.87265625 0.21171875 0.10703125 0.06171875
33 0.8734375 0.271875 0.11171875 0.0640625
17 0.875 0.33515625 0.10703125 0.0625
18 0.87265625 0.3921875 0.10703125 0.06171875
31 0.87109375 0.4515625 0.10625 0.0625
30 0.87109375 0.51015625 0.109375 0.065625
17 0.87109375 0.571875 0.109375 0.05859375
0 0.87109375 0.6328125 0.1109375 0.0625
13 0.8703125 0.69609375 0.11015625 0.0578125
12 0.86875 0.7578125 0.10546875 0.05859375
15 0.86875 0.821875 0.1109375 0.06171875
25 0.87265625 0.88515625 0.109375 0.06484375
29 0.87578125 0.95 0.109375 0.06015625