1 0.1703125 0.05859375 0.10546875 0.05625
29 0.16953125 0.1140625 0.10234375 0.053125
13 0.16640625 0.16640625 0.1 0.05390625
18 0.16328125 0.22109375 0.103125 0.0578125
24 0.1609375 0.27265625 0.10078125 0.0546875
18 0.15625 0.3296875 0.10390625 0.0578125
16 0.15703125 0.3875 0.10078125 0.05546875
9 0.1546875 0.440625 0.1 0.0546875
3 0.1515625 0.49609375 0.09921875 0.05390625
30 0.15078125 0.5546875 0.103125 0.0546875
8 0.1453125 0.60859375 0.1046875 0.05703125
15 0.1421875 0.66640625 0.10390625 0.05546875
32 0.1390625 0.72421875 0.10625 0.0578125
10 0.1359375 0.78203125 0.10625 0.0578125
6 0.134375 0.84140625 0.109375 0.059375
25 0.13359375 0.9015625 0.10859375 0.05390625
26 0.13125 0.95859375 0.10625 0.0578125
26 0.2734375 0.0546875 0.09375 0.05390625
12 0.27421875 0.10859375 0.0984375 0.05859375
13 0.26796875 0.16328125 0.10390625 0.0578125
19 0.26640625 0.21640625 0.09921875 0.05390625
29 0.2640625 0.2703125 0.09921875 0.0578125
8 0.2640625 0.325 0.10625 0.0578125
1 0.26171875 0.3828125 0.103125 0.05859375
13 0.259375 0.43671875 0.1 0.05546875
9 0.253125 0.490625 0.10390625 0.05703125
6 0.25546875 0.5515625 0.10078125 0.06015625
10 0.25390625 0.60390625 0.09921875 0.0578125
8 0.24765625 0.6609375 0.1 0.0578125
33 0.2453125 0.71953125 0.1 0.0578125
4 0.24296875 0.778125 0.10234375 0.05859375
15 0.23828125 0.83828125 0.10078125 0.05859375
6 0.23671875 0.89453125 0.1046875 0.0578125
10 0.23671875 0.9546875 0.10625 0.0578125
24 0.36796875 0.0578125 0.10078125 0.05390625
20 0.36796875 0.1109375 0.096875 0.0578125
33 0.36875 0.16328125 0.103125 0.0578125
15 0.36484375 0.2171875 0.1 0.05390625
31 0.365625 0.2734375 0.10234375 0.0578125
7 0.36171875 0.32734375 0.0984375 0.0578125
27 0.36171875 0.38359375 0.10390625 0.0578125
24 0.35859375 0.4390625 0.10234375 0.0578125
29 0.35703125 0.4953125 0.103125 0.05625
16 0.35234375 0.54765625 0.1046875 0.05546875
17 0.35390625 0.60625 0.0984375 0.05625
16 0.3484375 0.66484375 0.10234375 0.059375
5 0.3453125 0.721875 0.10078125 0.05859375
5 0.34375 0.7796875 0.10078125 0.06171875
32 0.34296875 0.8375 0.09921875 0.05625
14 0.3421875 0.89453125 0.10390625 0.059375
7 0.3421875 0.95703125 0.10234375 0.06015625
28 0.46640625 0.059375 0.09921875 0.053125
28 0.46875 0.11171875 0.0984375 0.05078125
5 0.46640625 0.1640625 0.09921875 0.0515625
21 0.46484375 0.21796875 0.09765625 0.05546875
9 0.4640625 0.27265625 0.09921875 0.05625
25 0.46328125 0.32578125 0.09765625 0.05859375
22 0.46328125 0.37890625 0.09921875 0.0578125
9 0.4609375 0.43515625 0.09453125 0.0546875
3 0.4578125 0.49140625 0.096875 0.05546875
26 0.45703125 0.54765625 0.10078125 0.05546875
6 0.4546875 0.60390625 0.10625 0.05703125
5 0.4546875 0.6609375 0.1046875 0.0609375
32 0.44765625 0.71953125 0.103125 0.0578125
28 0.4453125 0.778125 0.1 0.0609375
8 0.44609375 0.83515625 0.1 0.059375
21 0.44921875 0.89296875 0.10078125 0.06171875
23 0.44453125 0.953125 0.10703125 0.059375
0 0.5671875 0.0578125 0.096875 0.05546875
20 0.565625 0.1140625 0.09453125 0.04921875
14 0.56640625 0.165625 0.09765625 0.0578125
21 0.56328125 0.21953125 0.09921875 0.05703125
25 0.56171875 0.275 0.0921875 0.0546875
22 0.5625 0.3296875 0.09921875 0.0578125
22 0.5609375 0.38359375 0.096875 0.05703125
23 0.5609375 0.4390625 0.09296875 0.05390625
22 0.56015625 0.49296875 0.09375 0.05546875
19 0.55625 0.54921875 0.1046875 0.0546875
7 0.55859375 0.6046875 0.1046875 0.059375
11 0.55625 0.66484375 0.09921875 0.0578125
33 0.5515625 0.721875 0.10234375 0.059375
31 0.55 0.78125 0.10390625 0.05859375
19 0.54765625 0.83828125 0.10546875 0.06015625
24 0.5515625 0.8984375 0.10625 0.05859375
16 0.55234375 0.95703125 0.1046875 0.0609375
17 0.66328125 0.06171875 0.09921875 0.05234375
32 0.6609375 0.11328125 0.0984375 0.053125
23 0.665625 0.16640625 0.09453125 0.05390625
30 0.66328125 0.21953125 0.103125 0.05703125
0 0.6609375 0.27421875 0.0984375 0.0578125
18 0.66015625 0.328125 0.09296875 0.0546875
27 0.6578125 0.38359375 0.09921875 0.053125
19 0.6609375 0.4390625 0.09921875 0.0546875
27 0.6609375 0.49453125 0.0953125 0.053125
31 0.65859375 0.54765625 0.0953125 0.0546875
28 0.6578125 0.60546875 0.1 0.0578125
14 0.65546875 0.6640625 0.096875 0.05546875
12 0.65625 0.71953125 0.10703125 0.05703125
20 0.65546875 0.778125 0.1046875 0.059375
27 0.65859375 0.83515625 0.10546875 0.05859375
2 0.659375 0.89453125 0.109375 0.0578125
3 0.65859375 0.95390625 0.103125 0.0578125
1 0.75859375 0.06171875 0.096875 0.05078125
4 0.7609375 0.115625 0.096875 0.05078125
21 0.759375 0.16875 0.096875 0.05390625
20 0.759375 0.2234375 0.096875 0.053125
11 0.759375 0.275 0.09453125 0.0546875
4 0.76015625 0.33046875 0.0984375 0.05390625
0 0.76015625 0.38359375 0.09375 0.053125
26 0.759375 0.43828125 0.09765625 0.0578125
12 0.7578125 0.49140625 0.0984375 0.05546875
11 0.75859375 0.55078125 0.096875 0.05625
11 0.75703125 0.6046875 0.09921875 0.0578125
10 0.7578125 0.66171875 0.0984375 0.05625
14 0.7578125 0.71953125 0.0984375 0.05703125
30 0.7578125 0.7765625 0.10625 0.05625
2 0.759375 0.83671875 0.10078125 0.05625
1 0.75859375 0.89375 0.10390625 0.0578125
2 0.7578125 0.9546875 0.1046875 0.05859375
4 0.8578125 0.06953125 0.09453125 0.053125
3 0.85625 0.12265625 0.09375 0.053125
2 0.85703125 0.17578125 0.09375 0.05390625
23 0.8578125 0.2296875 0.09453125 0.05234375
7 0.859375 0.284375 0.0984375 0.05546875
33 0.85625 0.3359375 0.09765625 0.0515625
17 0.859375 0.39140625 0.0984375 0.05390625
18 0.859375 0.44609375 0.09921875 0.05390625
31 0.85625 0.50234375 0.09921875 0.053125
30 0.85859375 0.55546875 0.10078125 0.05546875
17 0.85859375 0.61328125 0.09453125 0.0546875
0 0.85703125 0.66953125 0.103125 0.05703125
13 0.859375 0.7265625 0.103125 0.0546875
12 0.859375 0.784375 0.0984375 0.05703125
15 0.859375 0.840625 0.09921875 0.05546875
25 0.859375 0.90078125 0.0984375 0.0578125
29 0.8640625 0.959375 0.10078125 0.05859375