0 0.9296875 0.4390625 0.07421875 0.4140625
0 0.85625 0.425 0.06328125 0.39296875
0 0.79609375 0.4015625 0.06953125 0.41796875
8 0.72578125 0.40546875 0.05390625 0.41796875
8 0.66015625 0.41640625 0.0640625 0.4109375
8 0.59296875 0.39609375 0.05546875 0.42109375
17 0.52734375 0.39453125 0.05546875 0.4390625
17 0.459375 0.38046875 0.06171875 0.40390625
18 0.40234375 0.35859375 0.0671875 0.3890625
18 0.3375 0.38046875 0.07421875 0.4390625
18 0.37734375 0.7359375 0.0890625 0.24296875
9 0.1984375 0.31796875 0.08984375 0.3359375
9 0.1203125 0.34453125 0.0625 0.50390625
9 0.0671875 0.34453125 0.07578125 0.38203125