13 0.18828125 0.040625 0.1390625 0.08046875
6 0.1859375 0.11953125 0.1390625 0.0796875
14 0.18125 0.19609375 0.13828125 0.08046875
0 0.1765625 0.27578125 0.13828125 0.08046875
20 0.1765625 0.35546875 0.1390625 0.0796875
4 0.17578125 0.4359375 0.13828125 0.08046875
22 0.1734375 0.51484375 0.13828125 0.0796875
13 0.17578125 0.596875 0.13828125 0.08046875
29 0.17265625 0.67734375 0.13828125 0.08046875
32 0.17109375 0.759375 0.13828125 0.0796875
31 0.1734375 0.8421875 0.1390625 0.08046875
27 0.17265625 0.9203125 0.1390625 0.08046875
16 0.32890625 0.03984375 0.13828125 0.07890625
7 0.32109375 0.11875 0.13828125 0.0796875
3 0.32421875 0.196875 0.13828125 0.08046875
17 0.3203125 0.2765625 0.1390625 0.08046875
3 0.32109375 0.35234375 0.13828125 0.08046875
10 0.31953125 0.4359375 0.1390625 0.0796875
12 0.31875 0.51640625 0.13828125 0.08046875
29 0.32109375 0.59765625 0.13828125 0.08046875
1 0.3125 0.678125 0.1390625 0.0796875
2 0.31484375 0.76015625 0.13828125 0.08046875
23 0.3125 0.84140625 0.13828125 0.0796875
27 0.315625 0.92421875 0.1390625 0.08046875
29 0.471875 0.115625 0.13828125 0.0796875
26 0.46875 0.19609375 0.1390625 0.0796875
16 0.465625 0.27578125 0.1390625 0.0796875
4 0.46640625 0.3578125 0.1390625 0.08046875
31 0.4671875 0.4359375 0.1390625 0.08046875
6 0.46171875 0.5171875 0.13828125 0.0796875
28 0.4640625 0.5984375 0.13828125 0.08046875
15 0.4578125 0.68046875 0.13828125 0.08046875
31 0.4578125 0.7640625 0.13828125 0.0796875
31 0.4609375 0.8453125 0.13828125 0.08046875
9 0.46171875 0.92890625 0.1390625 0.08046875
4 0.6140625 0.115625 0.1390625 0.0796875
1 0.6125 0.1953125 0.1390625 0.0796875
0 0.6109375 0.275 0.13828125 0.08046875
20 0.6140625 0.35703125 0.1390625 0.08046875
23 0.609375 0.4390625 0.13828125 0.08046875
18 0.61171875 0.51953125 0.13828125 0.0796875
8 0.61484375 0.6015625 0.1390625 0.0796875
25 0.60625 0.684375 0.1390625 0.08046875
30 0.60546875 0.76875 0.1390625 0.0796875
28 0.6078125 0.85234375 0.13828125 0.08046875
17 0.60859375 0.9375 0.1390625 0.08046875
21 0.76484375 0.11328125 0.13828125 0.0796875
12 0.76171875 0.19296875 0.1390625 0.08046875
24 0.76328125 0.27578125 0.14765625 0.08125
21 0.76328125 0.35625 0.14921875 0.08125
26 0.7609375 0.4390625 0.14921875 0.08125
26 0.76015625 0.52109375 0.14921875 0.08125
2 0.759375 0.60390625 0.14921875 0.08125
15 0.7546875 0.6859375 0.14921875 0.08125
29 0.75390625 0.771875 0.14765625 0.08125
32 0.7546875 0.8546875 0.14921875 0.08125
18 0.76015625 0.940625 0.14765625 0.08203125
12 0.91328125 0.11171875 0.14765625 0.08125
7 0.91328125 0.19453125 0.14921875 0.08125
22 0.9125 0.275 0.14765625 0.08125
23 0.9109375 0.35703125 0.14765625 0.08125
13 0.91015625 0.4390625 0.14921875 0.08125
10 0.909375 0.521875 0.14921875 0.08203125
19 0.91328125 0.60546875 0.14921875 0.08125
28 0.9046875 0.6890625 0.14921875 0.08125
12 0.90625 0.7734375 0.14921875 0.08125
33 0.90859375 0.85703125 0.14765625 0.08125
4 0.915625 0.94453125 0.14921875 0.08125