10 0.18203125 0.85859375 0.05859375 0.11328125
11 0.2328125 0.8703125 0.0578125 0.10859375
12 0.28671875 0.86015625 0.053125 0.1171875
14 0.3359375 0.8703125 0.0515625 0.11484375
15 0.38828125 0.86640625 0.0484375 0.115625
1 0.43828125 0.8546875 0.05078125 0.11171875
2 0.48828125 0.8484375 0.05390625 0.11328125
3 0.53828125 0.834375 0.0546875 0.11015625
20 0.58828125 0.83828125 0.0578125 0.11484375
20 0.63828125 0.82890625 0.06484375 0.12421875
20 0.68984375 0.83359375 0.06484375 0.11484375
30 0.73828125 0.8265625 0.06484375 0.1171875
30 0.79140625 0.815625 0.06953125 0.1171875
13 0.91640625 0.80859375 0.07109375 0.103125
16 0.39921875 0.48671875 0.06640625 0.09375
10 0.3171875 0.50703125 0.04453125 0.08125
19 0.35703125 0.41796875 0.0546875 0.08671875
9 0.525 0.38515625 0.04453125 0.07109375
19 0.4859375 0.3828125 0.0453125 0.07265625
12 0.4453125 0.38984375 0.04375 0.078125
33 0.40390625 0.39140625 0.04140625 0.06875