10 0.93359375 0.46640625 0.0890625 0.34296875
10 0.8625 0.47734375 0.078125 0.365625
1 0.79375 0.50390625 0.071875 0.35859375
1 0.728125 0.49453125 0.07109375 0.346875
1 0.66171875 0.5015625 0.0625 0.36171875
19 0.59921875 0.4890625 0.0671875 0.3359375
19 0.53671875 0.4890625 0.06640625 0.328125
25 0.47734375 0.47578125 0.06796875 0.346875
25 0.41640625 0.47421875 0.0703125 0.328125
25 0.35859375 0.45703125 0.0734375 0.33203125
29 0.303125 0.45 0.0734375 0.33203125
29 0.25 0.42734375 0.0765625 0.309375
29 0.19296875 0.41015625 0.07578125 0.30625