1 0.20234375 0.115625 0.1765625 0.103125
28 0.20703125 0.209375 0.17109375 0.09765625
5 0.20859375 0.30078125 0.1671875 0.1
5 0.20859375 0.39296875 0.17109375 0.09921875
9 0.20703125 0.48125 0.16953125 0.09375
19 0.20625 0.57265625 0.17265625 0.09140625
18 0.20859375 0.66328125 0.16875 0.09375
28 0.21328125 0.74921875 0.16484375 0.08828125
1 0.215625 0.83671875 0.15625 0.0921875
14 0.37109375 0.12890625 0.16796875 0.1
3 0.3703125 0.21953125 0.16484375 0.09609375
3 0.36953125 0.31015625 0.1578125 0.09375
18 0.3703125 0.39921875 0.16171875 0.0953125
5 0.3703125 0.4890625 0.15625 0.0875
26 0.36953125 0.5734375 0.15625 0.0875
29 0.36875 0.65859375 0.153125 0.08984375
17 0.36953125 0.74765625 0.15625 0.090625
8 0.36953125 0.83046875 0.1546875 0.090625
24 0.528125 0.13671875 0.15703125 0.0984375
5 0.528125 0.22578125 0.1515625 0.0953125
13 0.5265625 0.3125 0.15625 0.09375
20 0.52265625 0.4015625 0.153125 0.0921875
27 0.52109375 0.4875 0.15234375 0.08828125
17 0.51875 0.57265625 0.1515625 0.0875
22 0.51953125 0.65625 0.15078125 0.09140625
9 0.51875 0.74140625 0.15 0.0890625
7 0.51953125 0.8234375 0.1515625 0.08828125
22 0.66640625 0.8171875 0.14296875 0.0875
32 0.66328125 0.7390625 0.14296875 0.08671875
20 0.66484375 0.65546875 0.14140625 0.08828125
8 0.66484375 0.57109375 0.14453125 0.08515625
24 0.66640625 0.4875 0.1453125 0.08515625
21 0.66796875 0.403125 0.15078125 0.08828125
26 0.67421875 0.3171875 0.14296875 0.090625
29 0.6765625 0.2375 0.1453125 0.090625
4 0.6765625 0.1453125 0.14765625 0.09609375