13 0.45625 0.05625 0.5 0.08125
13 0.4703125 0.12578125 0.46328125 0.0609375
13 0.4265625 0.19296875 0.5 0.0609375
4 0.43359375 0.2625 0.5296875 0.05625
4 0.40625 0.3265625 0.47421875 0.0578125
5 0.325 0.390625 0.4671875 0.053125
5 0.303125 0.4578125 0.47421875 0.05625
6 0.321875 0.52578125 0.49609375 0.05078125
6 0.3640625 0.590625 0.48515625 0.06796875
6 0.365625 0.6546875 0.49609375 0.05234375
8 0.3421875 0.721875 0.4703125 0.07109375
8 0.4078125 0.7859375 0.51484375 0.07421875
8 0.40625 0.85234375 0.540625 0.078125
4 0.43046875 0.940625 0.5296875 0.09453125