8 0.51640625 0.37421875 0.07421875 0.43828125
4 0.921875 0.52890625 0.08203125 0.40234375
5 0.7828125 0.48046875 0.07109375 0.41171875
5 0.8515625 0.5 0.0734375 0.425
6 0.71328125 0.44921875 0.0703125 0.40234375
6 0.6484375 0.40234375 0.06015625 0.38046875
8 0.58359375 0.38046875 0.0609375 0.3890625
14 0.4484375 0.325 0.05703125 0.39375
14 0.3890625 0.28984375 0.059375 0.37578125
16 0.32734375 0.28125 0.0671875 0.35859375
16 0.26875 0.26328125 0.05703125 0.38515625
29 0.209375 0.26796875 0.07265625 0.37578125
29 0.146875 0.22109375 0.075 0.3625
4 0.08515625 0.19453125 0.07578125 0.38046875