19 0.09453125 0.1015625 0.159375 0.08515625
25 0.0984375 0.190625 0.16484375 0.0921875
33 0.1046875 0.2828125 0.1734375 0.08828125
25 0.1078125 0.36796875 0.16328125 0.08671875
17 0.109375 0.4546875 0.15625 0.0875
12 0.1125 0.5375 0.1625 0.0828125
7 0.1171875 0.621875 0.16171875 0.0828125
31 0.11953125 0.70703125 0.15234375 0.084375
6 0.1234375 0.78984375 0.15703125 0.08359375
11 0.125 0.871875 0.1578125 0.07421875
6 0.1265625 0.94921875 0.153125 0.078125
26 0.25703125 0.10703125 0.16484375 0.090625
11 0.2578125 0.1921875 0.1609375 0.09140625
21 0.2609375 0.28125 0.15546875 0.08359375
12 0.2640625 0.36640625 0.15859375 0.08515625
27 0.26796875 0.45390625 0.15703125 0.08203125
0 0.26875 0.5375 0.1546875 0.0875
28 0.26875 0.6203125 0.1578125 0.07890625
18 0.27421875 0.70078125 0.15234375 0.08359375
10 0.27265625 0.78671875 0.16484375 0.07890625
5 0.27421875 0.8671875 0.15703125 0.084375
17 0.2765625 0.946875 0.14921875 0.0828125
3 0.409375 0.1109375 0.1609375 0.09375
32 0.4109375 0.1984375 0.15234375 0.08984375
8 0.415625 0.28203125 0.15625 0.08671875
32 0.4140625 0.3671875 0.15625 0.08203125
15 0.4203125 0.45234375 0.1515625 0.0875
22 0.4171875 0.5328125 0.15546875 0.08359375
15 0.4234375 0.61875 0.146875 0.0796875
12 0.4203125 0.7015625 0.15546875 0.08203125
20 0.42578125 0.78359375 0.15078125 0.08515625
17 0.425 0.8609375 0.14921875 0.08359375
7 0.4234375 0.94296875 0.1515625 0.0828125
8 0.5625 0.11328125 0.1546875 0.0890625
16 0.56328125 0.19921875 0.15625 0.08828125
30 0.5640625 0.2828125 0.14765625 0.0828125
32 0.5671875 0.36875 0.14921875 0.08515625
23 0.56640625 0.45234375 0.146875 0.08359375
4 0.565625 0.5328125 0.14765625 0.08515625
17 0.565625 0.61640625 0.14765625 0.08125
3 0.5703125 0.69921875 0.14375 0.08125
6 0.571875 0.778125 0.15078125 0.08359375
16 0.575 0.85859375 0.146875 0.078125
2 0.56953125 0.934375 0.15 0.07890625
18 0.7140625 0.11640625 0.14609375 0.08671875
2 0.7109375 0.2 0.14765625 0.08203125
8 0.71015625 0.2828125 0.14375 0.08046875
5 0.71328125 0.3671875 0.14375 0.08046875
9 0.71015625 0.44921875 0.14921875 0.08125
33 0.71328125 0.53125 0.14765625 0.08125
19 0.7109375 0.61015625 0.14765625 0.0796875
14 0.7140625 0.69296875 0.1453125 0.07734375
28 0.7140625 0.7734375 0.14296875 0.07734375
21 0.71171875 0.8515625 0.14375 0.07734375
4 0.71171875 0.92890625 0.13984375 0.07890625
27 0.85546875 0.115625 0.146875 0.08359375
7 0.85625 0.1984375 0.14453125 0.0828125
29 0.85703125 0.28359375 0.1453125 0.07890625
14 0.85703125 0.3671875 0.140625 0.08359375
10 0.85546875 0.44609375 0.146875 0.08046875
23 0.85390625 0.5296875 0.14765625 0.07890625
3 0.85390625 0.60859375 0.14609375 0.075
15 0.85546875 0.68828125 0.14140625 0.078125
11 0.85546875 0.76875 0.14609375 0.0734375
6 0.85390625 0.84609375 0.140625 0.07421875
2 0.853125 0.92578125 0.134375 0.075