18 0.13203125 0.52265625 0.07734375 0.390625
18 0.2 0.5078125 0.08125 0.42890625
18 0.2734375 0.37578125 0.0671875 0.37578125
19 0.33984375 0.55625 0.06015625 0.45078125
19 0.40390625 0.434375 0.071875 0.39453125
19 0.4703125 0.41171875 0.065625 0.371875
2 0.52890625 0.3609375 0.065625 0.390625
2 0.60859375 0.5 0.08984375 0.38359375
2 0.65 0.334375 0.08359375 0.36875
30 0.7171875 0.32734375 0.090625 0.390625
30 0.76484375 0.25 0.096875 0.3796875
24 0.8078125 0.165625 0.07734375 0.315625
24 0.86015625 0.13515625 0.08828125 0.26328125
30 0.93671875 0.103125 0.07734375 0.19921875