18 0.3890625 0.85546875 0.31953125 0.07578125
19 0.40390625 0.79375 0.3484375 0.06171875
20 0.4078125 0.72734375 0.38125 0.06484375
21 0.43046875 0.66640625 0.36875 0.05546875
21 0.44453125 0.60703125 0.37265625 0.071875
22 0.43203125 0.5484375 0.38125 0.07265625
22 0.43046875 0.47265625 0.4015625 0.07109375
23 0.47578125 0.41328125 0.3609375 0.065625
24 0.47109375 0.35234375 0.4015625 0.06875
24 0.4671875 0.28984375 0.37734375 0.0609375
24 0.4859375 0.22578125 0.36484375 0.06484375
25 0.49765625 0.16171875 0.3234375 0.071875
26 0.51640625 0.10234375 0.39375 0.08203125