2 0.1859375 0.9234375 0.140625 0.07578125
7 0.20546875 0.8453125 0.1359375 0.06875
13 0.18515625 0.771875 0.13984375 0.0578125
5 0.1859375 0.69921875 0.13359375 0.05703125
27 0.18359375 0.628125 0.14453125 0.06015625
23 0.1703125 0.5609375 0.1359375 0.05546875
8 0.196875 0.49375 0.12890625 0.04921875
17 0.20546875 0.4171875 0.13828125 0.0546875
18 0.2078125 0.35390625 0.14140625 0.05859375
21 0.21875 0.2828125 0.1375 0.0546875
14 0.23203125 0.2125 0.1296875 0.065625
11 0.22578125 0.1421875 0.12265625 0.065625
14 0.19375 0.0734375 0.13125 0.0578125
17 0.43984375 0.0328125 0.11640625 0.05234375
22 0.4390625 0.0984375 0.11796875 0.05625
20 0.4203125 0.16640625 0.128125 0.05859375
22 0.42265625 0.23359375 0.11796875 0.06640625
31 0.43828125 0.29921875 0.12265625 0.06796875
2 0.43359375 0.37265625 0.1296875 0.0703125
16 0.44296875 0.44375 0.13125 0.06484375
33 0.40546875 0.5078125 0.13125 0.0796875
7 0.40625 0.57578125 0.11640625 0.07265625
27 0.41796875 0.64609375 0.1265625 0.06328125
32 0.41796875 0.71796875 0.12109375 0.07578125
24 0.4203125 0.7875 0.115625 0.06953125
6 0.43828125 0.85703125 0.12421875 0.0734375
20 0.6421875 0.89765625 0.1203125 0.07890625
16 0.6640625 0.828125 0.11875 0.06953125
25 0.63125 0.7578125 0.12890625 0.071875
1 0.63515625 0.6890625 0.1234375 0.06640625
13 0.63203125 0.61640625 0.1109375 0.06328125
29 0.59921875 0.55234375 0.1171875 0.06171875
5 0.6 0.47734375 0.1265625 0.06796875
19 0.6390625 0.4125 0.11875 0.06953125
26 0.64296875 0.34921875 0.11640625 0.0671875
22 0.6390625 0.2796875 0.1140625 0.06640625
27 0.63828125 0.2125 0.1203125 0.05390625
26 0.634375 0.14765625 0.11796875 0.05703125
21 0.640625 0.0828125 0.128125 0.06328125
32 0.865625 0.81953125 0.115625 0.0640625
29 0.84765625 0.75546875 0.11484375 0.0765625
13 0.8234375 0.684375 0.1203125 0.0796875
22 0.83515625 0.61328125 0.12890625 0.07421875
4 0.83515625 0.5484375 0.12109375 0.065625
0 0.84140625 0.48203125 0.12109375 0.06796875
24 0.82734375 0.4140625 0.12265625 0.0640625
13 0.840625 0.3453125 0.11171875 0.059375
31 0.7984375 0.28125 0.12578125 0.053125
15 0.8078125 0.21796875 0.11171875 0.05859375
0 0.79921875 0.153125 0.12734375 0.06171875
28 0.80625 0.08828125 0.11484375 0.0578125
11 0.80078125 0.02890625 0.1234375 0.0578125