11 0.8984375 0.32734375 0.090625 0.3296875
11 0.83046875 0.32421875 0.08515625 0.3296875
24 0.0734375 0.4015625 0.07890625 0.3484375
23 0.14296875 0.39765625 0.07578125 0.32578125
22 0.21640625 0.39609375 0.07421875 0.3296875
21 0.28515625 0.38828125 0.075 0.34453125
16 0.35625 0.3765625 0.06875 0.3375
15 0.425 0.3734375 0.0671875 0.34453125
14 0.49453125 0.36953125 0.075 0.3375
3 0.56015625 0.36015625 0.0734375 0.32578125
2 0.6265625 0.35390625 0.075 0.321875
1 0.69296875 0.35234375 0.07890625 0.340625
11 0.7625 0.34453125 0.08203125 0.31796875