19 0.23203125 0.15234375 0.1546875 0.0921875
15 0.3859375 0.15625 0.1453125 0.08828125
12 0.53046875 0.16015625 0.1453125 0.08515625
17 0.67265625 0.16796875 0.13515625 0.07890625
30 0.66875 0.2484375 0.128125 0.08359375
7 0.234375 0.23515625 0.15234375 0.08515625
10 0.384375 0.2390625 0.15078125 0.0875
13 0.53046875 0.2421875 0.14375 0.084375
11 0.23125 0.32109375 0.1578125 0.08671875
11 0.38203125 0.32421875 0.146875 0.08828125
6 0.52734375 0.3265625 0.14140625 0.0875
10 0.66484375 0.328125 0.1375 0.08046875
30 0.23203125 0.40390625 0.1515625 0.0875
16 0.384375 0.40625 0.14921875 0.090625
2 0.525 0.40625 0.13984375 0.08828125
25 0.66796875 0.41015625 0.13984375 0.078125
11 0.23203125 0.48828125 0.15234375 0.0859375
25 0.38125 0.48984375 0.15078125 0.084375
15 0.52578125 0.4875 0.13828125 0.08125
14 0.66328125 0.48984375 0.134375 0.08046875
12 0.23046875 0.5703125 0.153125 0.08359375
25 0.3796875 0.57109375 0.14765625 0.08828125
1 0.52265625 0.565625 0.1359375 0.08359375
7 0.65859375 0.56484375 0.134375 0.078125
12 0.23359375 0.65234375 0.1515625 0.0828125
4 0.3796875 0.65 0.1453125 0.078125
2 0.51796875 0.64765625 0.1390625 0.08359375
33 0.65390625 0.64375 0.14140625 0.08671875
32 0.23359375 0.7328125 0.15078125 0.0875
33 0.378125 0.728125 0.14453125 0.08359375
14 0.51953125 0.72421875 0.13984375 0.08203125
0 0.6546875 0.71953125 0.13359375 0.07890625
3 0.234375 0.81328125 0.14609375 0.08125
33 0.378125 0.80625 0.14453125 0.084375
11 0.51953125 0.80078125 0.1359375 0.08359375
28 0.653125 0.796875 0.13203125 0.078125