18 0.94453125 0.73515625 0.096875 0.15703125
18 0.865625 0.7390625 0.0875 0.15703125
19 0.78828125 0.734375 0.07890625 0.15234375
19 0.71640625 0.728125 0.0828125 0.15390625
20 0.63984375 0.7296875 0.0765625 0.1578125
20 0.5671875 0.728125 0.07421875 0.15078125
20 0.49453125 0.721875 0.078125 0.146875
23 0.42109375 0.7140625 0.08203125 0.1453125
23 0.353125 0.71171875 0.08671875 0.14140625
23 0.28125 0.70546875 0.0859375 0.146875
32 0.21328125 0.70625 0.09140625 0.13984375
32 0.14375 0.70546875 0.096875 0.13984375
32 0.075 0.7015625 0.09609375 0.14375
19 0.17734375 0.49765625 0.0890625 0.12421875
18 0.5 0.43359375 0.06875 0.1125
3 0.56171875 0.43671875 0.065625 0.1125
6 0.6296875 0.46328125 0.0671875 0.1171875
7 0.6609375 0.315625 0.07265625 0.115625
19 0.60546875 0.290625 0.06875 0.10234375
9 0.5234375 0.3 0.0765625 0.1125