28 0.08984375 0.4625 0.07265625 0.3
28 0.1453125 0.45390625 0.06640625 0.275
0 0.20625 0.45625 0.0703125 0.2875
0 0.2609375 0.45 0.0671875 0.29140625
0 0.31875 0.45 0.05703125 0.28359375
9 0.37421875 0.45390625 0.05703125 0.29140625
9 0.4296875 0.46015625 0.05625 0.27890625
9 0.48671875 0.4625 0.0578125 0.28359375
14 0.54296875 0.45390625 0.05859375 0.28359375
14 0.6015625 0.46484375 0.06484375 0.30390625
17 0.65859375 0.47265625 0.0640625 0.29609375
17 0.71640625 0.47265625 0.07109375 0.29609375
17 0.76953125 0.47734375 0.075 0.3125
28 0.840625 0.49765625 0.090625 0.2125