9 0.1703125 0.921875 0.196875 0.046875
9 0.20234375 0.8796875 0.1875 0.05390625
9 0.234375 0.83125 0.21640625 0.06015625
27 0.2828125 0.78203125 0.2 0.06640625
27 0.30859375 0.73359375 0.2203125 0.06796875
27 0.346875 0.684375 0.21640625 0.071875
28 0.39921875 0.634375 0.20546875 0.07265625
28 0.4375 0.5859375 0.21484375 0.084375
28 0.47734375 0.534375 0.221875 0.078125
33 0.509375 0.48046875 0.2421875 0.08046875
30 0.56875 0.42734375 0.24921875 0.08828125
31 0.73203125 0.22265625 0.22578125 0.09375
31 0.77734375 0.15390625 0.25078125 0.09375
31 0.81640625 0.075 0.22890625 0.1046875