32 0.50234375 0.3 0.071875 0.21875
28 0.43203125 0.73125 0.065625 0.196875
28 0.36328125 0.725 0.0671875 0.21328125
28 0.29453125 0.73046875 0.06796875 0.2046875
33 0.2265625 0.73125 0.075 0.21015625
33 0.08359375 0.72578125 0.07109375 0.2171875
33 0.153125 0.72890625 0.06015625 0.20390625
30 0.5015625 0.72421875 0.0640625 0.19609375
30 0.57109375 0.728125 0.0671875 0.22109375
30 0.64296875 0.728125 0.0671875 0.22890625
25 0.7109375 0.72578125 0.0640625 0.20390625
25 0.78046875 0.728125 0.0671875 0.22109375
25 0.85390625 0.7171875 0.06953125 0.20546875
32 0.92265625 0.72421875 0.0640625 0.2234375