30 0.8578125 0.31953125 0.075 0.43359375
30 0.79765625 0.31015625 0.075 0.42734375
4 0.740625 0.3015625 0.071875 0.43359375
3 0.68046875 0.30703125 0.07109375 0.46953125
2 0.621875 0.30390625 0.06796875 0.4640625
1 0.56328125 0.30703125 0.0640625 0.4578125
1 0.50546875 0.31953125 0.0625 0.4578125
1 0.44609375 0.33125 0.06015625 0.44609375
23 0.38671875 0.3375 0.05703125 0.44609375
22 0.328125 0.35234375 0.06484375 0.43984375
22 0.26796875 0.35234375 0.06484375 0.43984375
21 0.21015625 0.36171875 0.07109375 0.44609375
21 0.15234375 0.36484375 0.07109375 0.4515625
20 0.090625 0.39453125 0.0703125 0.43984375