28 0.16953125 0.3625 0.13203125 0.11796875
17 0.1734375 0.478125 0.13125 0.1203125
9 0.184375 0.5921875 0.1265625 0.121875
32 0.19140625 0.70390625 0.1359375 0.12109375
22 0.07734375 0.7140625 0.134375 0.1265625
18 0.2875 0.35859375 0.12734375 0.1171875
29 0.2921875 0.47265625 0.11875 0.11328125
22 0.3046875 0.58359375 0.1265625 0.11015625
20 0.30859375 0.69609375 0.1265625 0.1125
8 0.41796875 0.6890625 0.11484375 0.10859375
17 0.41640625 0.58125 0.11796875 0.1125
26 0.4046875 0.4703125 0.11796875 0.1125
19 0.4015625 0.35859375 0.12734375 0.11875
9 0.51328125 0.35625 0.11796875 0.115625
5 0.51875 0.4671875 0.11875 0.1140625
27 0.52578125 0.57578125 0.1203125 0.11875
24 0.5265625 0.68203125 0.10703125 0.10859375
5 0.621875 0.35625 0.1046875 0.109375
18 0.6265625 0.4640625 0.10859375 0.109375
20 0.63203125 0.571875 0.10625 0.1140625
21 0.63046875 0.67890625 0.10234375 0.11171875
5 0.728125 0.35703125 0.10078125 0.1078125
3 0.72734375 0.46171875 0.10546875 0.11015625
13 0.73203125 0.5671875 0.10390625 0.11015625
26 0.73046875 0.66953125 0.09921875 0.10703125
28 0.83125 0.35234375 0.09765625 0.10546875
3 0.82578125 0.459375 0.10625 0.1125
5 0.83203125 0.56328125 0.096875 0.10546875
29 0.83046875 0.6625 0.096875 0.10546875
4 0.91796875 0.6578125 0.09375 0.103125
24 0.92421875 0.55546875 0.09765625 0.10859375
14 0.92265625 0.4546875 0.0953125 0.10546875
1 0.91875 0.3515625 0.09375 0.10859375