19 0.60078125 0.86484375 0.17578125 0.09609375
16 0.5984375 0.76796875 0.17578125 0.09609375
18 0.59921875 0.66953125 0.1765625 0.09609375
26 0.6015625 0.56953125 0.17578125 0.0953125
3 0.59921875 0.47109375 0.1765625 0.09609375
32 0.603125 0.37421875 0.17578125 0.0953125
18 0.60078125 0.27578125 0.17578125 0.0953125
16 0.60234375 0.17734375 0.17578125 0.0953125
20 0.775 0.0828125 0.1765625 0.09609375
0 0.6015625 0.0796875 0.17578125 0.09609375
2 0.42578125 0.0765625 0.17578125 0.0953125
0 0.24921875 0.0734375 0.1765625 0.0953125
21 0.42421875 0.1765625 0.1765625 0.0953125
13 0.2515625 0.17265625 0.17578125 0.0953125
21 0.42421875 0.2734375 0.1765625 0.0953125
2 0.25 0.26875 0.1765625 0.0953125
10 0.4265625 0.3734375 0.17578125 0.09609375
29 0.24921875 0.36875 0.17578125 0.0953125
21 0.2484375 0.46953125 0.1765625 0.0953125
20 0.42265625 0.47421875 0.17578125 0.0953125
31 0.4265625 0.571875 0.17578125 0.0953125
23 0.24765625 0.57109375 0.17578125 0.0953125
24 0.24921875 0.6703125 0.17578125 0.0953125
6 0.42109375 0.66796875 0.17578125 0.09609375
19 0.42109375 0.76875 0.1765625 0.09609375
27 0.246875 0.76953125 0.17578125 0.0953125
17 0.2484375 0.86796875 0.17578125 0.0953125
23 0.42421875 0.8640625 0.1765625 0.0953125