3 0.81484375 0.3234375 0.14609375 0.07890625
3 0.8140625 0.403125 0.14609375 0.07890625
3 0.81171875 0.48203125 0.146875 0.07890625
3 0.80703125 0.55703125 0.14609375 0.07890625
21 0.8078125 0.63671875 0.14609375 0.07890625
21 0.80859375 0.71484375 0.146875 0.07890625
21 0.8046875 0.79296875 0.14609375 0.07890625
21 0.80703125 0.87265625 0.146875 0.0796875
4 0.66953125 0.325 0.146875 0.07890625
4 0.66953125 0.40546875 0.146875 0.07890625
4 0.66796875 0.48125 0.146875 0.07890625
4 0.66484375 0.5578125 0.146875 0.07890625
22 0.66484375 0.63203125 0.146875 0.07890625
22 0.66328125 0.7125 0.14609375 0.07890625
22 0.66015625 0.78984375 0.146875 0.07890625
22 0.65859375 0.86640625 0.14609375 0.07890625
5 0.534375 0.3265625 0.13828125 0.078125
5 0.5328125 0.4046875 0.13828125 0.078125
5 0.5359375 0.478125 0.13828125 0.078125
5 0.53046875 0.55390625 0.13828125 0.078125
23 0.525 0.63203125 0.1390625 0.078125
23 0.5265625 0.70625 0.13828125 0.078125
23 0.528125 0.78046875 0.13828125 0.078125
23 0.5296875 0.8578125 0.13828125 0.078125
6 0.40234375 0.32734375 0.13828125 0.078125
6 0.4015625 0.40546875 0.13828125 0.078125
6 0.3984375 0.47734375 0.13828125 0.078125
6 0.39921875 0.5546875 0.13828125 0.078125
24 0.39375 0.62578125 0.13828125 0.078125
24 0.39453125 0.7015625 0.13828125 0.078125
24 0.39609375 0.77734375 0.1390625 0.078125
24 0.39296875 0.8546875 0.1390625 0.078125
7 0.26875 0.32890625 0.1296875 0.07578125
7 0.26640625 0.403125 0.12890625 0.07578125
7 0.26640625 0.4765625 0.1296875 0.07578125
7 0.265625 0.55234375 0.1296875 0.07578125
25 0.26640625 0.62734375 0.12890625 0.07578125
25 0.2609375 0.6984375 0.1296875 0.07578125
25 0.259375 0.77109375 0.1296875 0.07578125
25 0.26328125 0.84375 0.1296875 0.07578125
8 0.1453125 0.328125 0.12421875 0.075
8 0.14296875 0.4015625 0.12421875 0.07578125
8 0.140625 0.4734375 0.12421875 0.075
8 0.14140625 0.55 0.12421875 0.075
26 0.13984375 0.621875 0.12421875 0.075
26 0.1375 0.6953125 0.12421875 0.075
26 0.1390625 0.7671875 0.12421875 0.07578125
26 0.13828125 0.8375 0.12421875 0.075
12 0.81640625 0.24609375 0.14765625 0.07890625
12 0.81640625 0.16640625 0.14765625 0.0796875
12 0.8203125 0.0875 0.14765625 0.07890625
13 0.675 0.09296875 0.14140625 0.084375
13 0.67421875 0.171875 0.14296875 0.08515625
13 0.6734375 0.24921875 0.14296875 0.084375
14 0.5375 0.09921875 0.1359375 0.08125
14 0.5375 0.17578125 0.1359375 0.08125
14 0.53359375 0.2515625 0.1375 0.08125
15 0.403125 0.10390625 0.134375 0.0796875
15 0.4 0.1796875 0.134375 0.0796875
15 0.4 0.25546875 0.13359375 0.07890625
16 0.27265625 0.10859375 0.13359375 0.078125
16 0.271875 0.184375 0.1328125 0.078125
16 0.26875 0.25546875 0.13359375 0.07890625
17 0.1421875 0.11171875 0.12734375 0.0734375
17 0.1421875 0.18515625 0.12734375 0.07421875
17 0.1453125 0.25859375 0.128125 0.07421875