17 0.0984375 0.64375 0.12265625 0.11171875
23 0.103125 0.53515625 0.11796875 0.11171875
19 0.10546875 0.42734375 0.1171875 0.11328125
27 0.209375 0.6421875 0.115625 0.11171875
19 0.2203125 0.53515625 0.11796875 0.10546875
16 0.2171875 0.43046875 0.109375 0.10859375
24 0.32109375 0.6390625 0.10859375 0.11171875
6 0.325 0.53359375 0.10703125 0.10390625
18 0.32421875 0.43359375 0.10703125 0.10390625
23 0.42890625 0.63515625 0.10625 0.1078125
31 0.42890625 0.5328125 0.0984375 0.1046875
26 0.42578125 0.43203125 0.10546875 0.1
21 0.52578125 0.63046875 0.09296875 0.10546875
20 0.5265625 0.52890625 0.09296875 0.1015625
3 0.525 0.434375 0.103125 0.0984375
29 0.621875 0.628125 0.0953125 0.10078125
10 0.62109375 0.53046875 0.096875 0.1
32 0.62109375 0.43359375 0.0953125 0.09375
2 0.71328125 0.6265625 0.09140625 0.10078125
21 0.71328125 0.53125 0.0921875 0.09375
18 0.71015625 0.4375 0.0890625 0.0953125
16 0.79921875 0.440625 0.0890625 0.096875
21 0.79609375 0.53203125 0.09140625 0.09609375
13 0.80078125 0.62734375 0.090625 0.09609375
0 0.8828125 0.6265625 0.08515625 0.09609375
2 0.8796875 0.53359375 0.0828125 0.09375
0 0.8796875 0.4421875 0.0859375 0.09453125
20 0.87578125 0.353125 0.0859375 0.09375