28 0.9125 0.49140625 0.08671875 0.49140625
28 0.83125 0.5125 0.07734375 0.46640625
28 0.759375 0.52109375 0.08203125 0.44921875
30 0.68359375 0.55546875 0.08203125 0.44921875
30 0.609375 0.60625 0.07421875 0.44921875
30 0.53671875 0.6359375 0.08046875 0.47421875
32 0.47421875 0.63984375 0.08359375 0.43203125
32 0.4046875 0.65703125 0.08359375 0.43203125
33 0.33046875 0.703125 0.08828125 0.4578125
33 0.2734375 0.71171875 0.07265625 0.4234375
29 0.20625 0.75859375 0.07890625 0.415625
29 0.14296875 0.7671875 0.07890625 0.3984375
29 0.0796875 0.80078125 0.08046875 0.38125