14 0.18984375 0.046875 0.13828125 0.06796875
11 0.175 0.11953125 0.134375 0.0671875
14 0.14609375 0.1921875 0.13515625 0.08359375
9 0.14609375 0.26484375 0.13203125 0.078125
6 0.1546875 0.3421875 0.1453125 0.07890625
30 0.13046875 0.4125 0.13125 0.0625
12 0.14375 0.4875 0.14140625 0.05859375
8 0.16484375 0.56484375 0.1375 0.071875
10 0.14375 0.63046875 0.1390625 0.06015625
23 0.178125 0.7078125 0.13984375 0.065625
20 0.17265625 0.775 0.140625 0.0671875
15 0.20390625 0.84296875 0.14765625 0.0703125
0 0.21015625 0.9125 0.14609375 0.06640625
25 0.4375 0.884375 0.1453125 0.06640625
11 0.425 0.81796875 0.1453125 0.0671875
16 0.41484375 0.753125 0.14609375 0.0671875
14 0.4140625 0.684375 0.14609375 0.0671875
20 0.4140625 0.60546875 0.1453125 0.06640625
10 0.3796875 0.54140625 0.1453125 0.06640625
31 0.41328125 0.47265625 0.1453125 0.06640625
4 0.4078125 0.4015625 0.14609375 0.06640625
33 0.40234375 0.328125 0.14609375 0.0671875
17 0.4109375 0.25546875 0.14609375 0.06328125
22 0.41328125 0.17890625 0.14609375 0.06640625
20 0.39140625 0.10625 0.14609375 0.06640625
22 0.390625 0.034375 0.14609375 0.06640625
27 0.62421875 0.06484375 0.14609375 0.0671875
26 0.62109375 0.1375 0.1453125 0.0671875
21 0.62890625 0.2109375 0.1453125 0.06640625
29 0.62265625 0.2828125 0.14609375 0.06640625
33 0.596875 0.3546875 0.14609375 0.0671875
12 0.57734375 0.4265625 0.14609375 0.06640625
0 0.5796875 0.49609375 0.1453125 0.06640625
9 0.59375 0.56484375 0.1453125 0.0671875
32 0.5828125 0.63125 0.14609375 0.0671875
28 0.59375 0.703125 0.14609375 0.0671875
7 0.59765625 0.7734375 0.14609375 0.06640625
12 0.62421875 0.83984375 0.1453125 0.0671875
6 0.6265625 0.9078125 0.14609375 0.0671875
30 0.78046875 0.5640625 0.14609375 0.06640625
9 0.79609375 0.5 0.1453125 0.0671875
7 0.7953125 0.425 0.14609375 0.06640625
21 0.7953125 0.36328125 0.1453125 0.06640625
11 0.80390625 0.284375 0.14609375 0.0671875
28 0.80390625 0.21953125 0.1453125 0.06640625
0 0.80703125 0.1484375 0.14609375 0.0671875
15 0.81015625 0.07578125 0.14609375 0.0671875
2 0.7890625 0.6390625 0.14609375 0.06640625
17 0.809375 0.70859375 0.14609375 0.06640625
25 0.79296875 0.78203125 0.12890625 0.07578125
6 0.784375 0.846875 0.1265625 0.06796875
23 0.8015625 0.915625 0.1203125 0.06875