21 0.353125 0.06640625 0.30390625 0.090625
21 0.353125 0.14375 0.33203125 0.0796875
21 0.3703125 0.22265625 0.2921875 0.0859375
26 0.33984375 0.29140625 0.3109375 0.07890625
26 0.371875 0.36796875 0.30390625 0.07109375
26 0.28515625 0.43828125 0.32734375 0.07734375
3 0.31640625 0.51640625 0.3671875 0.0671875
3 0.3375 0.5890625 0.3671875 0.071875
6 0.36328125 0.65234375 0.3203125 0.078125
6 0.62265625 0.65859375 0.25 0.09765625
6 0.35078125 0.725 0.32734375 0.0796875
7 0.42421875 0.7890625 0.2828125 0.07578125
7 0.4453125 0.86171875 0.30625 0.075
7 0.46640625 0.92890625 0.30625 0.0828125