28 0.9109375 0.5234375 0.06171875 0.52578125
28 0.8140625 0.5390625 0.05859375 0.53671875
28 0.75390625 0.54140625 0.0640625 0.47890625
30 0.69375 0.5234375 0.05546875 0.47421875
30 0.634375 0.51796875 0.0625 0.484375
30 0.575 0.515625 0.05546875 0.46875
14 0.51875 0.52578125 0.05390625 0.42734375
14 0.46015625 0.51328125 0.06171875 0.484375
22 0.39765625 0.5 0.0578125 0.45859375
22 0.32578125 0.44296875 0.08203125 0.32265625
22 0.26015625 0.51328125 0.06171875 0.47421875
33 0.190625 0.45078125 0.08359375 0.328125
33 0.11875 0.50546875 0.065625 0.48984375
33 0.0578125 0.5234375 0.06015625 0.46328125