10 0.93125 0.640625 0.07421875 0.1828125
10 0.86953125 0.63046875 0.06796875 0.1828125
12 0.77421875 0.596875 0.07734375 0.2015625
12 0.7125 0.60859375 0.0703125 0.19296875
13 0.65390625 0.60234375 0.06484375 0.1890625
13 0.5953125 0.60546875 0.0640625 0.19921875
14 0.52890625 0.6078125 0.06015625 0.19140625
15 0.38671875 0.61875 0.07109375 0.2015625
15 0.3296875 0.625 0.07265625 0.19296875
15 0.27734375 0.60703125 0.07421875 0.196875
16 0.175 0.615625 0.0703125 0.1828125
16 0.11640625 0.60859375 0.07578125 0.1765625
16 0.0640625 0.57890625 0.0765625 0.17890625
14 0.4875 0.2984375 0.0734375 0.14609375