27 0.18125 0.13828125 0.15625 0.090625
27 0.17890625 0.2265625 0.15546875 0.084375
27 0.17734375 0.3109375 0.1546875 0.084375
27 0.1734375 0.39609375 0.1546875 0.084375
9 0.178125 0.4796875 0.1546875 0.084375
9 0.17265625 0.56484375 0.1546875 0.08515625
9 0.17109375 0.64609375 0.1546875 0.084375
9 0.16796875 0.7328125 0.1546875 0.084375
0 0.1703125 0.81640625 0.1546875 0.084375
0 0.16953125 0.90390625 0.1546875 0.084375
31 0.33359375 0.14140625 0.1546875 0.084375
31 0.33203125 0.22734375 0.1546875 0.084375
31 0.33203125 0.31171875 0.1546875 0.084375
31 0.3296875 0.39609375 0.1546875 0.084375
10 0.33046875 0.4765625 0.1546875 0.084375
10 0.328125 0.5625 0.1546875 0.084375
10 0.3265625 0.6453125 0.1546875 0.084375
10 0.32734375 0.73125 0.1546875 0.084375
1 0.32734375 0.81328125 0.1546875 0.084375
1 0.32421875 0.896875 0.1546875 0.084375
32 0.4859375 0.1453125 0.1546875 0.084375
32 0.48203125 0.2296875 0.1546875 0.084375
32 0.484375 0.315625 0.1546875 0.08515625
32 0.48359375 0.396875 0.1546875 0.084375
11 0.4796875 0.47734375 0.14921875 0.08515625
11 0.478125 0.5609375 0.14921875 0.08515625
11 0.48046875 0.64296875 0.14765625 0.08515625
11 0.47578125 0.72421875 0.14765625 0.084375
2 0.47890625 0.809375 0.14921875 0.08515625
2 0.47734375 0.89453125 0.14765625 0.084375
29 0.63046875 0.1515625 0.14921875 0.084375
29 0.63046875 0.23359375 0.14921875 0.08515625
29 0.63125 0.31796875 0.14921875 0.084375
29 0.62890625 0.39609375 0.14921875 0.08515625
12 0.62421875 0.4765625 0.14765625 0.084375
12 0.628125 0.5609375 0.14765625 0.084375
12 0.625 0.64140625 0.14921875 0.084375
12 0.6203125 0.72109375 0.14921875 0.08515625
3 0.62265625 0.8046875 0.14921875 0.08515625
3 0.62578125 0.8890625 0.14921875 0.084375
33 0.7734375 0.15859375 0.14296875 0.08359375
33 0.77109375 0.2375 0.14296875 0.08359375
33 0.77109375 0.31796875 0.14296875 0.08359375
33 0.77421875 0.4 0.14140625 0.08359375
13 0.771875 0.48046875 0.14140625 0.08359375
13 0.771875 0.5609375 0.14140625 0.08359375
13 0.77109375 0.640625 0.14140625 0.08359375
13 0.76796875 0.7203125 0.14140625 0.08359375
4 0.76875 0.80390625 0.14296875 0.08359375
4 0.76953125 0.8828125 0.14140625 0.08359375
28 0.91640625 0.1640625 0.13359375 0.08046875
28 0.9109375 0.24609375 0.1328125 0.08046875
28 0.91171875 0.325 0.13359375 0.08046875
28 0.9140625 0.4015625 0.13359375 0.0796875
14 0.91171875 0.4828125 0.1328125 0.08046875
14 0.909375 0.5609375 0.1328125 0.08046875
14 0.9078125 0.63984375 0.13359375 0.08046875
14 0.90859375 0.71875 0.1328125 0.08046875
5 0.90625 0.80078125 0.1328125 0.08046875
5 0.9078125 0.87890625 0.1328125 0.0796875
2 0.9078125 0.87890625 0.1328125 0.0796875