22 0.215625 0.865625 0.18515625 0.0984375
32 0.21875 0.7625 0.18515625 0.0984375
20 0.2203125 0.6578125 0.18515625 0.0984375
8 0.225 0.5515625 0.1859375 0.0984375
24 0.22734375 0.44375 0.1859375 0.0984375
21 0.2265625 0.3390625 0.1859375 0.0984375
26 0.228125 0.23359375 0.1859375 0.0984375
29 0.23046875 0.1296875 0.18515625 0.0984375
7 0.40234375 0.87109375 0.1859375 0.0984375
9 0.40234375 0.76484375 0.18515625 0.0984375
22 0.40625 0.6609375 0.18515625 0.0984375
17 0.41015625 0.55390625 0.18515625 0.0984375
27 0.41640625 0.44453125 0.18515625 0.0984375
20 0.4140625 0.3390625 0.1859375 0.0984375
13 0.41484375 0.23203125 0.1859375 0.0984375
5 0.4171875 0.128125 0.18515625 0.0984375
8 0.5890625 0.8671875 0.18515625 0.0984375
17 0.59296875 0.76328125 0.1859375 0.0984375
29 0.596875 0.6609375 0.18515625 0.0984375
26 0.5984375 0.553125 0.18515625 0.0984375
5 0.603125 0.44609375 0.18515625 0.0984375
18 0.6 0.33828125 0.18515625 0.0984375
3 0.6046875 0.234375 0.1859375 0.0984375
3 0.60546875 0.12734375 0.1859375 0.0984375
1 0.77578125 0.86640625 0.18515625 0.0984375
28 0.78125 0.76171875 0.18515625 0.0984375
18 0.7859375 0.65859375 0.18515625 0.0984375
19 0.7890625 0.55 0.1859375 0.0984375
9 0.79296875 0.44140625 0.18515625 0.0984375
5 0.79140625 0.33515625 0.18515625 0.0984375
5 0.7921875 0.23046875 0.1859375 0.0984375
28 0.7921875 0.12578125 0.18359375 0.0984375