22 0.784375 0.134375 0.18515625 0.0984375
32 0.78125 0.2375 0.18515625 0.0984375
20 0.7796875 0.3421875 0.18515625 0.0984375
8 0.775 0.4484375 0.1859375 0.0984375
24 0.77265625 0.55625 0.1859375 0.0984375
21 0.7734375 0.6609375 0.1859375 0.0984375
26 0.771875 0.76640625 0.1859375 0.0984375
29 0.76953125 0.8703125 0.18515625 0.0984375
7 0.59765625 0.12890625 0.1859375 0.0984375
9 0.59765625 0.23515625 0.18515625 0.0984375
22 0.59375 0.3390625 0.18515625 0.0984375
17 0.58984375 0.44609375 0.18515625 0.0984375
27 0.58359375 0.55546875 0.18515625 0.0984375
20 0.5859375 0.6609375 0.1859375 0.0984375
13 0.58515625 0.76796875 0.1859375 0.0984375
5 0.5828125 0.871875 0.18515625 0.0984375
8 0.4109375 0.1328125 0.18515625 0.0984375
17 0.40703125 0.23671875 0.1859375 0.0984375
29 0.403125 0.3390625 0.18515625 0.0984375
26 0.4015625 0.446875 0.18515625 0.0984375
5 0.396875 0.55390625 0.18515625 0.0984375
18 0.4 0.66171875 0.18515625 0.0984375
3 0.3953125 0.765625 0.1859375 0.0984375
3 0.39453125 0.87265625 0.1859375 0.0984375
1 0.22421875 0.13359375 0.18515625 0.0984375
28 0.21875 0.23828125 0.18515625 0.0984375
18 0.2140625 0.34140625 0.18515625 0.0984375
19 0.2109375 0.45 0.1859375 0.0984375
9 0.20703125 0.55859375 0.18515625 0.0984375
5 0.20859375 0.66484375 0.18515625 0.0984375
5 0.2078125 0.76953125 0.1859375 0.0984375
28 0.2078125 0.87421875 0.18359375 0.0984375