21 0.840625 0.20390625 0.1546875 0.0796875
21 0.8390625 0.12265625 0.1546875 0.0796875
21 0.83828125 0.284375 0.1546875 0.0796875
21 0.83984375 0.36328125 0.1546875 0.07890625
3 0.83828125 0.44609375 0.153125 0.07890625
3 0.84375 0.5265625 0.1546875 0.0796875
3 0.8421875 0.60703125 0.1546875 0.07890625
3 0.846875 0.6890625 0.1546875 0.0796875
12 0.846875 0.7703125 0.153125 0.07890625
12 0.846875 0.8515625 0.1546875 0.0796875
12 0.8515625 0.93359375 0.1546875 0.0796875
22 0.69375 0.13671875 0.140625 0.0765625
22 0.69140625 0.2125 0.140625 0.0765625
22 0.69140625 0.28984375 0.140625 0.0765625
22 0.69140625 0.36953125 0.13984375 0.07578125
4 0.6875 0.4484375 0.13984375 0.07578125
4 0.69375 0.528125 0.13984375 0.0765625
4 0.68984375 0.60546875 0.13984375 0.07578125
4 0.69609375 0.68359375 0.140625 0.0765625
13 0.69453125 0.7625 0.13984375 0.0765625
13 0.69609375 0.8453125 0.140625 0.07578125
13 0.69609375 0.9265625 0.140625 0.07578125
14 0.55625 0.91640625 0.140625 0.0765625
14 0.55078125 0.8390625 0.13984375 0.07578125
14 0.5515625 0.75859375 0.140625 0.07578125
5 0.55 0.68203125 0.140625 0.0765625
5 0.5515625 0.60546875 0.140625 0.0765625
5 0.55234375 0.5265625 0.140625 0.0765625
5 0.55 0.45 0.13984375 0.07578125
23 0.5515625 0.37421875 0.140625 0.07578125
23 0.54609375 0.296875 0.13984375 0.0765625
23 0.55078125 0.21953125 0.140625 0.0765625
23 0.5515625 0.14453125 0.140625 0.0765625
15 0.41953125 0.91015625 0.140625 0.0765625
15 0.41796875 0.83125 0.13984375 0.0765625
15 0.4203125 0.75234375 0.13984375 0.07578125
6 0.41796875 0.67578125 0.140625 0.0765625
6 0.4171875 0.60234375 0.140625 0.07578125
6 0.41328125 0.52734375 0.140625 0.07578125
6 0.41484375 0.453125 0.140625 0.0765625
24 0.421875 0.37734375 0.13984375 0.07578125
24 0.41875 0.30390625 0.140625 0.0765625
24 0.42109375 0.22734375 0.140625 0.07578125
24 0.4234375 0.1546875 0.13984375 0.07578125
7 0.28828125 0.603125 0.1265625 0.07734375
7 0.28828125 0.67890625 0.12734375 0.07734375
7 0.28671875 0.528125 0.1265625 0.07734375
7 0.290625 0.4546875 0.1265625 0.07734375
25 0.29140625 0.38203125 0.1265625 0.07734375
25 0.29140625 0.309375 0.12734375 0.07734375
25 0.29296875 0.2359375 0.1234375 0.07265625
25 0.2953125 0.1640625 0.1234375 0.07265625
16 0.28828125 0.75234375 0.12578125 0.07109375
16 0.2890625 0.828125 0.12578125 0.07109375
16 0.28671875 0.90078125 0.1265625 0.07109375
17 0.16328125 0.89375 0.11796875 0.0671875
17 0.16484375 0.81953125 0.11796875 0.0671875
17 0.16484375 0.7453125 0.11796875 0.0671875
8 0.165625 0.671875 0.11796875 0.0671875
8 0.1640625 0.60234375 0.11796875 0.0671875
8 0.16328125 0.5296875 0.11796875 0.06796875
8 0.165625 0.4578125 0.11796875 0.0671875
26 0.165625 0.384375 0.121875 0.06796875
26 0.17109375 0.3140625 0.121875 0.06796875
26 0.1703125 0.24375 0.121875 0.0671875
26 0.1703125 0.1734375 0.121875 0.0671875