29 0.2015625 0.853125 0.14453125 0.090625
29 0.1984375 0.775 0.146875 0.08828125
29 0.19375 0.69765625 0.15546875 0.084375
29 0.1890625 0.6203125 0.15625 0.084375
33 0.34453125 0.8453125 0.14140625 0.08515625
33 0.34375 0.76796875 0.146875 0.08671875
33 0.33828125 0.690625 0.14375 0.08828125
33 0.33359375 0.6125 0.14296875 0.08203125
28 0.4859375 0.834375 0.140625 0.0875
28 0.48125 0.759375 0.1390625 0.08359375
28 0.478125 0.6828125 0.146875 0.08046875
28 0.47265625 0.6046875 0.1390625 0.07890625
30 0.61796875 0.82734375 0.13984375 0.08203125
30 0.61796875 0.75 0.134375 0.0796875
30 0.61484375 0.6765625 0.140625 0.08125
30 0.609375 0.6 0.140625 0.078125
12 0.1875 0.5421875 0.153125 0.0859375
12 0.18203125 0.46484375 0.15234375 0.08359375
12 0.17578125 0.38515625 0.1546875 0.08125
12 0.17109375 0.309375 0.14765625 0.08125
13 0.33046875 0.53515625 0.14375 0.0796875
13 0.3234375 0.4609375 0.14609375 0.08125
13 0.31640625 0.38359375 0.15 0.0796875
13 0.31328125 0.30625 0.1453125 0.0796875
14 0.46875 0.53125 0.1390625 0.07734375
14 0.4609375 0.45703125 0.14296875 0.08046875
14 0.45703125 0.38125 0.14140625 0.08203125
14 0.453125 0.30390625 0.1390625 0.07890625
15 0.60234375 0.525 0.134375 0.078125
15 0.59765625 0.45234375 0.1359375 0.0765625
15 0.590625 0.37734375 0.1359375 0.07734375
15 0.58515625 0.3015625 0.13359375 0.07734375
16 0.734375 0.5234375 0.134375 0.07578125
16 0.73125 0.44921875 0.13359375 0.078125
16 0.721875 0.3765625 0.1328125 0.07734375
16 0.7203125 0.30078125 0.13203125 0.07578125
17 0.86796875 0.52109375 0.13203125 0.0734375
17 0.85625 0.44765625 0.13125 0.07421875
17 0.85234375 0.37421875 0.1296875 0.07578125
17 0.84765625 0.3 0.128125 0.0734375
3 0.16328125 0.2296875 0.15078125 0.08046875
3 0.15859375 0.1515625 0.15 0.07890625
3 0.15546875 0.0734375 0.14765625 0.078125
4 0.30703125 0.228125 0.14921875 0.07734375
4 0.303125 0.1515625 0.14453125 0.078125
4 0.29609375 0.075 0.1453125 0.078125
5 0.446875 0.22734375 0.140625 0.07734375
5 0.44140625 0.1515625 0.13984375 0.07578125
5 0.434375 0.07421875 0.14140625 0.07734375
6 0.58125 0.2265625 0.13515625 0.07734375
6 0.57578125 0.15078125 0.1390625 0.078125
6 0.57265625 0.07734375 0.14140625 0.07890625
7 0.71328125 0.22734375 0.13359375 0.078125
7 0.71015625 0.153125 0.13984375 0.078125
7 0.7046875 0.078125 0.1359375 0.0796875
8 0.8390625 0.225 0.1296875 0.07578125
8 0.83828125 0.1515625 0.13125 0.07578125
8 0.83359375 0.0765625 0.13125 0.0734375