28 0.20546875 0.7578125 0.14296875 0.08359375
11 0.3484375 0.74765625 0.13515625 0.084375
33 0.47890625 0.74921875 0.13125 0.07890625
3 0.60625 0.75 0.11875 0.06796875
0 0.20546875 0.684375 0.1453125 0.08125
14 0.3421875 0.675 0.13359375 0.08046875
33 0.47578125 0.6765625 0.13125 0.078125
32 0.596875 0.67578125 0.1234375 0.07109375
33 0.20546875 0.60625 0.140625 0.0796875
2 0.3421875 0.59921875 0.1359375 0.08125
4 0.4734375 0.6015625 0.1296875 0.0734375
12 0.5953125 0.60390625 0.12109375 0.0734375
7 0.20703125 0.53359375 0.14375 0.08046875
1 0.34609375 0.52734375 0.13125 0.07578125
25 0.475 0.53125 0.12109375 0.07109375
12 0.596875 0.5359375 0.11640625 0.075
14 0.2078125 0.45390625 0.140625 0.08203125
15 0.34765625 0.4515625 0.134375 0.07734375
25 0.475 0.4578125 0.13203125 0.0765625
11 0.596875 0.4640625 0.12265625 0.07421875
25 0.21328125 0.375 0.140625 0.0796875
2 0.346875 0.38046875 0.13984375 0.078125
16 0.4734375 0.3875 0.1265625 0.07734375
30 0.596875 0.39296875 0.121875 0.075
10 0.21484375 0.30234375 0.140625 0.08203125
6 0.3484375 0.3078125 0.13359375 0.08046875
11 0.4765625 0.31484375 0.13203125 0.07890625
11 0.5953125 0.321875 0.115625 0.075
30 0.21328125 0.228125 0.13984375 0.08203125
13 0.34609375 0.2359375 0.13125 0.07890625
10 0.475 0.24453125 0.13203125 0.078125
7 0.5984375 0.25234375 0.11875 0.078125
17 0.21484375 0.15546875 0.140625 0.084375
12 0.3484375 0.16640625 0.1296875 0.08125
15 0.475 0.17890625 0.1296875 0.07421875
19 0.59453125 0.1859375 0.11875 0.0734375