21 0.94453125 0.37265625 0.07734375 0.5078125
21 0.8671875 0.40078125 0.084375 0.5
1 0.79765625 0.396875 0.0796875 0.4921875
1 0.73125 0.40859375 0.07734375 0.5
1 0.66171875 0.3890625 0.06875 0.5078125
2 0.59453125 0.38515625 0.06640625 0.5
2 0.5296875 0.37734375 0.07109375 0.5
11 0.4609375 0.3890625 0.06875 0.4921875
11 0.39453125 0.38125 0.07421875 0.46015625
11 0.32734375 0.36875 0.0734375 0.46796875
16 0.26015625 0.37734375 0.07734375 0.484375
16 0.19453125 0.37734375 0.0859375 0.46796875
16 0.12578125 0.38515625 0.08203125 0.484375