4 0.74140625 0.9296875 0.15625 0.09375
1 0.90625 0.93515625 0.16953125 0.09609375
21 0.8984375 0.8421875 0.17265625 0.09375
27 0.8953125 0.7515625 0.16640625 0.090625
24 0.88984375 0.6625 0.16640625 0.0890625
28 0.884375 0.5765625 0.16484375 0.08359375
22 0.88046875 0.48984375 0.1671875 0.08359375
30 0.8734375 0.4046875 0.16328125 0.08203125
25 0.8703125 0.32109375 0.1578125 0.078125
15 0.8671875 0.24140625 0.1578125 0.0765625
30 0.865625 0.16171875 0.1609375 0.078125
13 0.8625 0.08359375 0.15859375 0.071875
26 0.71171875 0.09140625 0.146875 0.078125
7 0.73671875 0.8375 0.1640625 0.09375
1 0.73359375 0.7484375 0.159375 0.08671875
3 0.73046875 0.66015625 0.15546875 0.08359375
14 0.7234375 0.57578125 0.15859375 0.08515625
24 0.72109375 0.490625 0.153125 0.08046875
16 0.71953125 0.40859375 0.1546875 0.078125
9 0.71796875 0.3265625 0.14921875 0.0796875
29 0.7140625 0.2453125 0.14921875 0.08125
5 0.7125 0.17109375 0.14921875 0.07578125