11 0.203125 0.096875 0.15 0.08515625
26 0.20234375 0.18125 0.15 0.08515625
0 0.196875 0.26484375 0.15 0.08515625
0 0.1953125 0.3453125 0.15 0.084375
1 0.19140625 0.43046875 0.15 0.08515625
20 0.1890625 0.51640625 0.15078125 0.08515625
4 0.18671875 0.60078125 0.15 0.08515625
1 0.18828125 0.684375 0.15 0.08515625
0 0.18671875 0.7640625 0.15 0.084375
20 0.1859375 0.8484375 0.15 0.084375
23 0.1890625 0.93359375 0.15078125 0.08515625
6 0.35390625 0.0953125 0.15078125 0.084375
5 0.35 0.1796875 0.15 0.08515625
25 0.346875 0.2640625 0.15078125 0.08515625
21 0.3421875 0.3484375 0.15078125 0.084375
18 0.340625 0.43203125 0.15078125 0.08515625
27 0.3390625 0.51875 0.15 0.08515625
21 0.3390625 0.60234375 0.15 0.08515625
12 0.3390625 0.68828125 0.15 0.08515625
24 0.33828125 0.77109375 0.15078125 0.084375
21 0.33515625 0.85546875 0.15 0.08515625
26 0.33359375 0.93359375 0.15 0.08515625
23 0.50234375 0.09375 0.15 0.08515625
13 0.50078125 0.178125 0.15078125 0.08515625
9 0.4984375 0.26484375 0.15078125 0.084375
16 0.49453125 0.3484375 0.15 0.08515625
11 0.490625 0.43203125 0.15 0.08515625
15 0.49140625 0.51796875 0.15078125 0.084375
12 0.49375 0.603125 0.15078125 0.084375
7 0.4890625 0.68828125 0.15078125 0.08515625
22 0.48671875 0.77265625 0.15 0.08515625
23 0.4875 0.8578125 0.15 0.08515625
13 0.4859375 0.93828125 0.15 0.08515625
14 0.65859375 0.0921875 0.15703125 0.08671875
2 0.65234375 0.1796875 0.15 0.08515625
10 0.65 0.2625 0.15 0.084375
3 0.65 0.3515625 0.15 0.08515625
30 0.6484375 0.43828125 0.15078125 0.084375
2 0.6453125 0.52109375 0.15 0.084375
24 0.64609375 0.60625 0.15078125 0.084375
22 0.64296875 0.690625 0.15 0.08515625
25 0.63828125 0.77734375 0.15078125 0.08515625
19 0.63515625 0.8609375 0.15 0.08515625
11 0.63671875 0.94765625 0.15078125 0.08515625
21 0.81640625 0.08828125 0.1640625 0.08515625
24 0.81640625 0.17734375 0.1640625 0.08515625
7 0.81015625 0.26484375 0.16328125 0.08515625
7 0.8125 0.3515625 0.16328125 0.08515625
14 0.80703125 0.4390625 0.1640625 0.0859375
16 0.80546875 0.52265625 0.16328125 0.08515625
8 0.80390625 0.6109375 0.1640625 0.08515625
17 0.8046875 0.6984375 0.1640625 0.08515625
15 0.79765625 0.7859375 0.1640625 0.08515625
32 0.79609375 0.87421875 0.1640625 0.08515625
9 0.79453125 0.9546875 0.1640625 0.08046875