10 0.8328125 0.875 0.08359375 0.196875
14 0.73515625 0.79140625 0.0859375 0.19375
14 0.675 0.74375 0.08828125 0.18828125
0 0.61328125 0.68984375 0.08984375 0.1875
0 0.55546875 0.6390625 0.0921875 0.1859375
1 0.496875 0.584375 0.09609375 0.1859375
1 0.43828125 0.5328125 0.09765625 0.18046875
4 0.37890625 0.48203125 0.0984375 0.17578125
5 0.37890625 0.48203125 0.0984375 0.17578125
5 0.31875 0.43125 0.09921875 0.1703125
7 0.2625 0.37890625 0.10390625 0.16875
7 0.2046875 0.32734375 0.1046875 0.16640625
8 0.14140625 0.2859375 0.10703125 0.16875
8 0.0828125 0.23671875 0.109375 0.1609375