9 0.08359375 0.55546875 0.084375 0.48515625
17 0.159375 0.553125 0.07890625 0.4890625
0 0.23203125 0.52578125 0.07890625 0.478125
8 0.3046875 0.521875 0.07421875 0.478125
8 0.37578125 0.5109375 0.0734375 0.4703125
18 0.44765625 0.50546875 0.07109375 0.4671875
26 0.51875 0.4984375 0.07109375 0.459375
31 0.590625 0.490625 0.075 0.45234375
32 0.66015625 0.478125 0.07734375 0.46328125
29 0.73046875 0.47421875 0.07890625 0.45625
33 0.8 0.46328125 0.08515625 0.46328125
28 0.87109375 0.4578125 0.0859375 0.459375
30 0.93828125 0.43359375 0.084375 0.46328125