15 0.96328125 0.15 0.06484375 0.11484375
15 0.91171875 0.1515625 0.06171875 0.115625
15 0.8578125 0.1484375 0.059375 0.115625
16 0.746875 0.1515625 0.05703125 0.115625
16 0.69453125 0.15078125 0.05859375 0.11484375
16 0.640625 0.153125 0.05390625 0.11484375
13 0.56015625 0.15 0.0546875 0.1203125
13 0.50703125 0.15234375 0.05234375 0.11953125
6 0.42734375 0.15390625 0.05546875 0.115625
6 0.375 0.15234375 0.05546875 0.115625
6 0.309375 0.3109375 0.05 0.1078125
4 0.09609375 0.1578125 0.06484375 0.1171875
4 0.15 0.1671875 0.059375 0.11171875
21 0.5109375 0.58828125 0.0515625 0.09765625
32 0.4625 0.58515625 0.04609375 0.09609375
24 0.4140625 0.571875 0.04765625 0.09921875
29 0.7078125 0.7546875 0.0515625 0.08671875
11 0.653125 0.76328125 0.06484375 0.06171875
28 0.59921875 0.75078125 0.04453125 0.0859375
3 0.48046875 0.82890625 0.040625 0.071875
12 0.521875 0.8296875 0.046875 0.07421875
2 0.6984375 0.8296875 0.05078125 0.07734375
17 0.653125 0.83203125 0.04765625 0.0765625
20 0.609375 0.8296875 0.04453125 0.08125
21 0.5671875 0.83203125 0.04140625 0.0734375
9 0.47734375 0.9015625 0.04453125 0.07578125
33 0.51875 0.9 0.04375 0.071875
29 0.6875 0.9046875 0.0453125 0.07109375
27 0.6453125 0.90390625 0.0421875 0.06953125
31 0.60390625 0.90078125 0.04296875 0.06953125
30 0.56171875 0.90390625 0.040625 0.06953125