22 0.40546875 0.45078125 0.0609375 0.47421875
22 0.471875 0.4765625 0.06171875 0.47421875
30 0.53046875 0.4609375 0.0609375 0.47421875
30 0.59375 0.4609375 0.06171875 0.47421875
30 0.66015625 0.45546875 0.0609375 0.47421875
31 0.7234375 0.4609375 0.0609375 0.47421875
4 0.340625 0.48203125 0.0609375 0.47421875
4 0.28515625 0.43515625 0.06171875 0.47421875
2 0.0875 0.48203125 0.08984375 0.47421875
2 0.153125 0.453125 0.07421875 0.48984375
4 0.22109375 0.46328125 0.07421875 0.48984375
31 0.7859375 0.43203125 0.0859375 0.48984375
31 0.8578125 0.42421875 0.08359375 0.44296875
22 0.92421875 0.45078125 0.11171875 0.38046875