9 0.93984375 0.503125 0.07734375 0.42109375
30 0.24453125 0.559375 0.0640625 0.42109375
28 0.3015625 0.584375 0.06484375 0.43828125
33 0.359375 0.60390625 0.0609375 0.42109375
29 0.4140625 0.62890625 0.06015625 0.42734375
32 0.47109375 0.64296875 0.05625 0.42109375
27 0.52578125 0.66328125 0.05546875 0.42734375
8 0.584375 0.66015625 0.05625 0.39921875
0 0.6421875 0.64609375 0.0578125 0.4046875
0 0.70078125 0.63515625 0.0625 0.4046875
26 0.75703125 0.61484375 0.065625 0.42109375
18 0.81875 0.53359375 0.06875 0.42734375
17 0.878125 0.5140625 0.07265625 0.4328125