3 0.08203125 0.31796875 0.1140625 0.11015625
32 0.19140625 0.32109375 0.11015625 0.10859375
12 0.29765625 0.32578125 0.10859375 0.10625
12 0.40234375 0.32421875 0.10546875 0.10703125
11 0.50078125 0.32890625 0.10234375 0.103125
30 0.5984375 0.33046875 0.10390625 0.1015625
11 0.69609375 0.3328125 0.09921875 0.0984375
7 0.7890625 0.33671875 0.096875 0.10546875
19 0.88046875 0.340625 0.0890625 0.1015625
33 0.08671875 0.4234375 0.11796875 0.10390625
33 0.19609375 0.4234375 0.11484375 0.1046875
4 0.30390625 0.42890625 0.10625 0.10234375
25 0.4046875 0.4296875 0.10078125 0.09609375
25 0.5015625 0.42890625 0.10234375 0.09609375
16 0.6 0.4296875 0.0984375 0.09375
11 0.69140625 0.43125 0.0984375 0.09453125
10 0.78671875 0.43203125 0.0984375 0.0953125
15 0.87578125 0.43046875 0.08828125 0.09765625
11 0.09375 0.53046875 0.1109375 0.1046875
14 0.20390625 0.52890625 0.10703125 0.10390625
2 0.30703125 0.525 0.10703125 0.09921875
1 0.40625 0.5265625 0.10078125 0.10078125
15 0.50546875 0.525 0.10078125 0.09375
2 0.60078125 0.52421875 0.1 0.09375
6 0.69453125 0.5234375 0.10390625 0.096875
13 0.78359375 0.528125 0.09765625 0.09375
12 0.87421875 0.525 0.090625 0.08984375
28 0.0984375 0.6328125 0.11640625 0.1078125
0 0.20234375 0.628125 0.11171875 0.10234375
33 0.3046875 0.62734375 0.1046875 0.10234375
7 0.41015625 0.6234375 0.10234375 0.096875
14 0.50625 0.62109375 0.1 0.09765625
25 0.60234375 0.61875 0.09765625 0.1015625
10 0.6953125 0.61875 0.090625 0.08828125
30 0.7828125 0.6171875 0.0859375 0.0890625
17 0.86796875 0.615625 0.08359375 0.08828125