22 0.1390625 0.07109375 0.10390625 0.0578125
6 0.13828125 0.128125 0.10625 0.05546875
0 0.13828125 0.1828125 0.10625 0.05625
0 0.1375 0.24140625 0.1046875 0.0609375
10 0.1375 0.29609375 0.10859375 0.05703125
27 0.13671875 0.353125 0.10390625 0.05625
20 0.13515625 0.41171875 0.10625 0.05859375
33 0.1328125 0.4671875 0.09921875 0.0578125
32 0.134375 0.52265625 0.10234375 0.05703125
20 0.13203125 0.58125 0.1046875 0.05625
15 0.1328125 0.6390625 0.1046875 0.0578125
31 0.13203125 0.6953125 0.10390625 0.0578125
18 0.12890625 0.75078125 0.10546875 0.05625
4 0.13125 0.809375 0.103125 0.053125
23 0.2421875 0.07421875 0.1046875 0.05625
25 0.2421875 0.12890625 0.1046875 0.05703125
15 0.24140625 0.18515625 0.10390625 0.06015625
6 0.240625 0.240625 0.10234375 0.0578125
30 0.24296875 0.2953125 0.103125 0.0578125
15 0.23984375 0.35390625 0.103125 0.05859375
19 0.240625 0.4109375 0.1046875 0.053125
9 0.23671875 0.4671875 0.1046875 0.05546875
11 0.23671875 0.5234375 0.10390625 0.05625
18 0.234375 0.58046875 0.1 0.05546875
12 0.23359375 0.6390625 0.09921875 0.05546875
13 0.2328125 0.6953125 0.10078125 0.0578125
27 0.23203125 0.75234375 0.1046875 0.05546875
5 0.23359375 0.809375 0.10234375 0.0546875
19 0.3453125 0.075 0.10859375 0.06171875
27 0.3421875 0.13125 0.10234375 0.0578125
1 0.3421875 0.18515625 0.10625 0.05234375
23 0.34296875 0.2421875 0.09921875 0.0578125
29 0.34140625 0.29609375 0.1046875 0.05703125
3 0.340625 0.3515625 0.09921875 0.05703125
18 0.34140625 0.4109375 0.10234375 0.05703125
8 0.3421875 0.46875 0.103125 0.05625
13 0.33828125 0.52265625 0.1046875 0.0578125
30 0.3390625 0.58203125 0.10625 0.05859375
19 0.33984375 0.63671875 0.10546875 0.0578125
7 0.3359375 0.69609375 0.0984375 0.05625
8 0.3328125 0.75 0.10546875 0.059375
6 0.33515625 0.809375 0.10625 0.0578125
6 0.44609375 0.071875 0.1046875 0.0578125
7 0.44375 0.13046875 0.10234375 0.05703125
26 0.44375 0.18671875 0.10078125 0.059375
3 0.44375 0.2421875 0.103125 0.065625
17 0.44296875 0.29765625 0.1 0.059375
28 0.44296875 0.35390625 0.0953125 0.05234375
33 0.440625 0.409375 0.0953125 0.0578125
7 0.440625 0.46640625 0.1 0.06015625
25 0.43984375 0.521875 0.10234375 0.05703125
31 0.43828125 0.58046875 0.09921875 0.0609375
15 0.43828125 0.63671875 0.10390625 0.06171875
24 0.440625 0.6921875 0.10390625 0.053125
23 0.43828125 0.75078125 0.10390625 0.05625
16 0.440625 0.81015625 0.10390625 0.05625
14 0.5453125 0.07421875 0.10234375 0.0671875
9 0.55 0.13203125 0.10390625 0.0578125
24 0.5484375 0.18828125 0.09921875 0.0578125
10 0.54609375 0.24453125 0.10234375 0.0609375
2 0.5421875 0.3 0.1046875 0.0609375
11 0.54375 0.35546875 0.10234375 0.05546875
14 0.5421875 0.4109375 0.10390625 0.05625
28 0.54296875 0.46796875 0.10078125 0.0578125
9 0.54375 0.52421875 0.10234375 0.05859375
12 0.54140625 0.58046875 0.10234375 0.0546875
3 0.53984375 0.63515625 0.1046875 0.0578125
1 0.5390625 0.69453125 0.09765625 0.06015625
10 0.5390625 0.7515625 0.10078125 0.06171875
24 0.54296875 0.8078125 0.10390625 0.0546875
18 0.64921875 0.075 0.1046875 0.0578125
9 0.64921875 0.13359375 0.10390625 0.0515625
12 0.64609375 0.1859375 0.103125 0.053125
25 0.646875 0.24296875 0.10546875 0.05625
17 0.64765625 0.30078125 0.09765625 0.0578125
3 0.64140625 0.3546875 0.09921875 0.0546875
8 0.64296875 0.409375 0.10234375 0.05859375
0 0.640625 0.4671875 0.103125 0.05703125
22 0.64375 0.525 0.09765625 0.05625
5 0.64140625 0.58046875 0.09921875 0.05390625
21 0.64140625 0.6359375 0.09453125 0.06015625
5 0.6390625 0.6921875 0.10390625 0.05234375
10 0.64140625 0.75 0.1046875 0.0546875
5 0.6453125 0.8078125 0.10625 0.0546875
0 0.74765625 0.07734375 0.10078125 0.05625
8 0.74765625 0.13359375 0.103125 0.05546875
26 0.74765625 0.18828125 0.103125 0.06015625
16 0.74609375 0.2453125 0.0953125 0.05703125
16 0.74609375 0.30078125 0.1 0.0515625
32 0.740625 0.35234375 0.10234375 0.053125
23 0.74375 0.41015625 0.1046875 0.05625
26 0.74609375 0.46875 0.10390625 0.05625
17 0.7453125 0.5234375 0.10234375 0.053125
28 0.7453125 0.58359375 0.10546875 0.059375
7 0.74375 0.63671875 0.10390625 0.0546875
11 0.73984375 0.6953125 0.103125 0.0578125
26 0.74375 0.7515625 0.109375 0.06171875
30 0.7453125 0.80859375 0.10546875 0.059375
29 0.846875 0.07578125 0.10546875 0.05703125
4 0.846875 0.13125 0.10234375 0.0578125
22 0.84765625 0.18671875 0.10390625 0.0546875
11 0.84765625 0.24296875 0.09765625 0.0578125
22 0.8453125 0.3 0.09921875 0.05625
29 0.84453125 0.3546875 0.09765625 0.0546875
33 0.84453125 0.41171875 0.09765625 0.0578125
2 0.8453125 0.46796875 0.1046875 0.0578125
21 0.8453125 0.525 0.09921875 0.05625
25 0.84609375 0.58046875 0.10390625 0.0546875
13 0.84453125 0.63828125 0.103125 0.0546875
33 0.84453125 0.6953125 0.10234375 0.0578125
2 0.84375 0.75 0.09921875 0.0546875
4 0.85 0.80546875 0.10234375 0.05625