22 0.40546875 0.54921875 0.0609375 0.47421875
22 0.471875 0.5234375 0.06171875 0.47421875
30 0.53046875 0.5390625 0.0609375 0.47421875
30 0.59375 0.5390625 0.06171875 0.47421875
30 0.66015625 0.54453125 0.0609375 0.47421875
31 0.7234375 0.5390625 0.0609375 0.47421875
4 0.340625 0.51796875 0.0609375 0.47421875
4 0.28515625 0.56484375 0.06171875 0.47421875
2 0.0875 0.51796875 0.08984375 0.47421875
2 0.153125 0.546875 0.07421875 0.48984375
4 0.22109375 0.53671875 0.07421875 0.48984375
31 0.7859375 0.56796875 0.0859375 0.48984375
31 0.8578125 0.57578125 0.08359375 0.44296875
22 0.92421875 0.54921875 0.11171875 0.38046875