31 0.91484375 0.63359375 0.121875 0.11484375
13 0.9078125 0.51953125 0.13125 0.1125
16 0.89765625 0.4109375 0.1265625 0.11484375
31 0.88828125 0.29765625 0.12421875 0.1234375
27 0.77265625 0.30703125 0.12109375 0.1171875
32 0.78359375 0.41484375 0.12421875 0.11640625
26 0.790625 0.52265625 0.12109375 0.11484375
10 0.7984375 0.63515625 0.11796875 0.11328125
4 0.68671875 0.6375 0.121875 0.11328125
7 0.68125 0.5296875 0.115625 0.10859375
1 0.675 0.42109375 0.11640625 0.10859375
18 0.66484375 0.31171875 0.115625 0.109375
6 0.5765625 0.63828125 0.115625 0.10859375
25 0.46953125 0.6359375 0.11640625 0.10859375
15 0.3640625 0.6296875 0.11640625 0.109375
29 0.57109375 0.528125 0.115625 0.109375
31 0.57109375 0.4234375 0.11640625 0.10859375
23 0.56015625 0.31640625 0.11640625 0.10859375
6 0.46640625 0.53046875 0.115625 0.10859375
8 0.46171875 0.42421875 0.11640625 0.10859375
33 0.4546875 0.31953125 0.11640625 0.10859375
23 0.3703125 0.5296875 0.10625 0.1078125
9 0.36171875 0.428125 0.1046875 0.1078125
22 0.35859375 0.32578125 0.0984375 0.10546875
30 0.26640625 0.63125 0.0953125 0.1046875
24 0.265625 0.53125 0.10390625 0.10390625
30 0.26484375 0.43125 0.10234375 0.1046875
22 0.2625 0.33359375 0.10078125 0.103125
9 0.1734375 0.634375 0.09375 0.103125
28 0.1703125 0.53515625 0.0984375 0.1046875
12 0.1703125 0.4359375 0.09453125 0.10703125
15 0.16953125 0.33984375 0.09296875 0.10078125
14 0.084375 0.6375 0.09140625 0.1
4 0.0828125 0.53828125 0.0921875 0.10078125
8 0.08203125 0.4421875 0.08671875 0.1
27 0.07890625 0.34609375 0.0859375 0.10390625