28 0.8609375 0.06484375 0.184375 0.10390625
0 0.8578125 0.1671875 0.18125 0.10859375
33 0.859375 0.26875 0.184375 0.1015625
7 0.8609375 0.36796875 0.17109375 0.09765625
14 0.859375 0.4640625 0.1796875 0.10390625
25 0.859375 0.5640625 0.17109375 0.1
10 0.86015625 0.66171875 0.1765625 0.0984375
30 0.859375 0.75546875 0.1703125 0.09765625
17 0.85234375 0.8515625 0.16953125 0.09375
11 0.67890625 0.065625 0.18125 0.1
14 0.684375 0.16640625 0.18046875 0.10390625
2 0.68359375 0.26875 0.178125 0.10078125
1 0.684375 0.3671875 0.1796875 0.10390625
15 0.68515625 0.46640625 0.18125 0.09921875
2 0.684375 0.565625 0.178125 0.103125
6 0.684375 0.65859375 0.17421875 0.0984375
13 0.68671875 0.75703125 0.175 0.0984375
12 0.6875 0.84921875 0.17421875 0.09296875
15 0.5125 0.85 0.178125 0.0953125
10 0.51640625 0.75625 0.1734375 0.0984375
11 0.51640625 0.6578125 0.1734375 0.0984375
16 0.5140625 0.56171875 0.1734375 0.09921875
25 0.51171875 0.46484375 0.184375 0.103125
25 0.5078125 0.36484375 0.1734375 0.103125
4 0.5046875 0.26640625 0.1796875 0.10390625
33 0.5046875 0.1640625 0.1796875 0.10390625
33 0.50078125 0.06328125 0.184375 0.10546875
3 0.325 0.06328125 0.175 0.10390625
32 0.3296875 0.16796875 0.18125 0.103125
12 0.33203125 0.26796875 0.1796875 0.0984375
12 0.334375 0.36484375 0.178125 0.1015625
11 0.340625 0.4640625 0.175 0.09609375
30 0.340625 0.5625 0.17890625 0.09765625
11 0.34453125 0.66015625 0.17578125 0.0984375
7 0.3453125 0.7546875 0.17265625 0.096875
19 0.34453125 0.85078125 0.1734375 0.09375