0 0.0703125 0.4390625 0.07421875 0.4140625
0 0.14375 0.425 0.06328125 0.39296875
0 0.20390625 0.4015625 0.06953125 0.41796875
8 0.27421875 0.40546875 0.05390625 0.41796875
8 0.33984375 0.41640625 0.0640625 0.4109375
8 0.40703125 0.39609375 0.05546875 0.42109375
17 0.47265625 0.39453125 0.05546875 0.4390625
17 0.540625 0.38046875 0.06171875 0.40390625
18 0.59765625 0.35859375 0.0671875 0.3890625
18 0.6625 0.38046875 0.07421875 0.4390625
18 0.62265625 0.7359375 0.0890625 0.24296875
9 0.8015625 0.31796875 0.08984375 0.3359375
9 0.8796875 0.34453125 0.0625 0.50390625
9 0.9328125 0.34453125 0.07578125 0.38203125