18 0.90625 0.49296875 0.07109375 0.2875
26 0.84453125 0.5015625 0.05859375 0.27734375
17 0.778125 0.48125 0.0734375 0.29765625
9 0.71640625 0.4640625 0.06171875 0.3390625
27 0.6546875 0.48828125 0.06171875 0.31171875
31 0.5921875 0.47421875 0.06875 0.31875
31 0.5328125 0.478125 0.06015625 0.29765625
32 0.4671875 0.5171875 0.06875 0.35625
29 0.40546875 0.503125 0.0625 0.3421875
33 0.3375 0.5140625 0.0703125 0.35625
28 0.2703125 0.48828125 0.0609375 0.31875
30 0.21015625 0.50546875 0.071875 0.31171875
8 0.14296875 0.4828125 0.0609375 0.321875
0 0.04609375 0.5 0.08203125 0.31484375