1 0.11171875 0.1953125 0.090625 0.046875
4 0.109375 0.24375 0.0890625 0.04765625
21 0.1109375 0.290625 0.09140625 0.04765625
0 0.10703125 0.33828125 0.09375 0.04375
20 0.10703125 0.38828125 0.090625 0.04921875
14 0.10546875 0.4375 0.0890625 0.04921875
24 0.10546875 0.4875 0.0890625 0.04765625
20 0.10546875 0.5375 0.09375 0.05078125
12 0.10703125 0.58828125 0.090625 0.0515625
26 0.10859375 0.6375 0.0953125 0.053125
1 0.10703125 0.68984375 0.0890625 0.0484375
13 0.10546875 0.7421875 0.09296875 0.0484375
4 0.2 0.19453125 0.0890625 0.0515625
3 0.1984375 0.2421875 0.0859375 0.04375
2 0.196875 0.28828125 0.08828125 0.04765625
17 0.1984375 0.33828125 0.0921875 0.05078125
32 0.19765625 0.3859375 0.090625 0.05078125
23 0.196875 0.434375 0.09140625 0.05078125
28 0.196875 0.48671875 0.09296875 0.05078125
28 0.19921875 0.5359375 0.0890625 0.05
5 0.1984375 0.58671875 0.09140625 0.0515625
33 0.1984375 0.6390625 0.08828125 0.04921875
13 0.19609375 0.6890625 0.09140625 0.05078125
29 0.196875 0.740625 0.0890625 0.05234375
18 0.28515625 0.1921875 0.08828125 0.04296875
24 0.28515625 0.2390625 0.090625 0.0484375
18 0.2859375 0.28828125 0.090625 0.05234375
16 0.28828125 0.3390625 0.090625 0.0484375
9 0.28671875 0.38671875 0.08828125 0.05234375
3 0.28828125 0.434375 0.090625 0.04609375
30 0.290625 0.4828125 0.0921875 0.04765625
8 0.2890625 0.534375 0.09296875 0.04765625
15 0.2921875 0.58515625 0.09453125 0.04765625
32 0.2890625 0.6390625 0.0953125 0.05
10 0.2921875 0.690625 0.0921875 0.053125
6 0.2875 0.74140625 0.09296875 0.05390625
25 0.28984375 0.79453125 0.09140625 0.053125
26 0.28828125 0.8484375 0.0921875 0.05703125
19 0.37421875 0.1921875 0.08828125 0.04609375
29 0.37421875 0.2390625 0.08828125 0.04765625
8 0.37578125 0.28828125 0.08828125 0.04765625
1 0.37890625 0.3375 0.09140625 0.04921875
13 0.378125 0.384375 0.090625 0.0484375
9 0.37890625 0.43515625 0.09140625 0.05234375
6 0.38203125 0.4828125 0.08828125 0.0515625
10 0.38203125 0.534375 0.0921875 0.053125
8 0.37890625 0.58359375 0.090625 0.0515625
33 0.38125 0.6375 0.0953125 0.05
4 0.38125 0.6875 0.0921875 0.05234375
15 0.38203125 0.7421875 0.090625 0.053125
6 0.3828125 0.79609375 0.0984375 0.0546875
10 0.38125 0.85 0.09296875 0.05390625
15 0.4609375 0.18984375 0.090625 0.0484375
31 0.4609375 0.23984375 0.08828125 0.0484375
7 0.4640625 0.28515625 0.08828125 0.05
27 0.46875 0.33671875 0.08828125 0.05
24 0.465625 0.38359375 0.0890625 0.046875
29 0.46796875 0.43359375 0.0875 0.04921875
16 0.46796875 0.4828125 0.09296875 0.0484375
17 0.4765625 0.5328125 0.0921875 0.04765625
16 0.46953125 0.58046875 0.09140625 0.05078125
5 0.471875 0.63359375 0.0875 0.053125
5 0.4734375 0.68671875 0.0921875 0.05390625
32 0.47578125 0.73984375 0.0921875 0.04921875
14 0.47421875 0.79296875 0.096875 0.05390625
7 0.4734375 0.84609375 0.090625 0.0578125
21 0.54609375 0.18671875 0.0859375 0.046875
9 0.55078125 0.2375 0.08828125 0.0515625
25 0.5515625 0.28515625 0.09140625 0.05
22 0.55078125 0.334375 0.0890625 0.04921875
9 0.55703125 0.38203125 0.0875 0.04765625
3 0.5546875 0.4296875 0.090625 0.05
26 0.55859375 0.478125 0.08671875 0.04765625
6 0.5609375 0.52890625 0.09140625 0.046875
5 0.56171875 0.58046875 0.09140625 0.0515625
32 0.565625 0.63046875 0.09453125 0.05234375
28 0.565625 0.68359375 0.0921875 0.053125
8 0.565625 0.73515625 0.090625 0.053125
21 0.5671875 0.7875 0.09296875 0.053125
23 0.56640625 0.84296875 0.09140625 0.0546875
21 0.6359375 0.1875 0.0890625 0.04609375
25 0.6359375 0.23515625 0.08671875 0.04765625
22 0.640625 0.2828125 0.09296875 0.04921875
22 0.640625 0.33359375 0.08671875 0.0484375
23 0.64296875 0.38203125 0.08828125 0.04765625
22 0.64609375 0.43046875 0.0921875 0.0515625
19 0.646875 0.478125 0.09296875 0.04765625
7 0.65 0.52890625 0.0953125 0.0515625
11 0.6515625 0.578125 0.090625 0.0515625
33 0.6546875 0.63125 0.090625 0.053125
31 0.65703125 0.68046875 0.0953125 0.053125
19 0.6578125 0.7359375 0.0890625 0.05078125
24 0.66328125 0.790625 0.0921875 0.05390625
16 0.66328125 0.84296875 0.09140625 0.0515625
30 0.721875 0.18671875 0.08828125 0.0453125
0 0.72578125 0.23515625 0.0890625 0.04296875
18 0.728125 0.2828125 0.08828125 0.0484375
27 0.73203125 0.33046875 0.090625 0.0484375
19 0.73125 0.378125 0.08671875 0.046875
27 0.734375 0.428125 0.090625 0.04921875
31 0.7375 0.47734375 0.08671875 0.04609375
28 0.740625 0.5265625 0.09140625 0.0515625
14 0.7453125 0.57578125 0.09140625 0.05078125
12 0.74453125 0.6265625 0.0921875 0.05078125
20 0.74921875 0.68046875 0.0890625 0.05
27 0.75234375 0.73359375 0.09140625 0.0484375
2 0.75546875 0.7859375 0.090625 0.0515625
3 0.759375 0.83984375 0.09375 0.0515625
20 0.8109375 0.18671875 0.0859375 0.04609375
11 0.81484375 0.2328125 0.08671875 0.046875
4 0.81640625 0.28203125 0.09296875 0.04765625
0 0.81953125 0.3296875 0.08828125 0.04765625
26 0.821875 0.378125 0.09375 0.04921875
12 0.82421875 0.4265625 0.0890625 0.0484375
11 0.82890625 0.47578125 0.0875 0.05
11 0.83125 0.5265625 0.08671875 0.0515625
10 0.83671875 0.5765625 0.0921875 0.05078125
14 0.83828125 0.628125 0.08828125 0.046875
30 0.840625 0.67890625 0.09765625 0.05390625
2 0.84375 0.73359375 0.09140625 0.053125
1 0.8453125 0.78359375 0.09453125 0.0484375
2 0.85078125 0.8359375 0.090625 0.053125
23 0.89921875 0.184375 0.09140625 0.0515625
7 0.9046875 0.23203125 0.09140625 0.046875
33 0.9046875 0.278125 0.0875 0.046875
17 0.90859375 0.32734375 0.08828125 0.04921875
18 0.91328125 0.37734375 0.0875 0.04765625
31 0.91484375 0.425 0.08828125 0.04609375
30 0.9171875 0.475 0.09140625 0.04765625
17 0.921875 0.5234375 0.0890625 0.04609375
0 0.925 0.57578125 0.090625 0.05
13 0.928125 0.62578125 0.090625 0.0515625
12 0.93203125 0.67734375 0.0890625 0.05234375
15 0.934375 0.72890625 0.09453125 0.05390625
25 0.9375 0.7828125 0.09140625 0.05390625
29 0.94296875 0.8375 0.096875 0.0515625