30 0.090625 0.5171875 0.07265625 0.1953125
30 0.1578125 0.5203125 0.0734375 0.196875
30 0.22421875 0.5171875 0.06796875 0.1953125
15 0.2921875 0.5203125 0.06953125 0.196875
15 0.3609375 0.51953125 0.0671875 0.1984375
28 0.425 0.5171875 0.065625 0.20546875
28 0.49140625 0.5171875 0.0640625 0.20546875
28 0.5546875 0.5171875 0.06796875 0.20234375
33 0.61953125 0.5109375 0.065625 0.196875
29 0.79921875 0.5109375 0.06796875 0.19375
29 0.875 0.5359375 0.090625 0.14453125
29 0.95 0.5109375 0.071875 0.19375
15 0.353125 0.346875 0.0875 0.1390625