9 0.95234375 0.63359375 0.075 0.21171875
9 0.8953125 0.58046875 0.0796875 0.21640625
9 0.828125 0.6265625 0.06875 0.21640625
10 0.76640625 0.621875 0.065625 0.21640625
11 0.70703125 0.60234375 0.06484375 0.21875
11 0.6421875 0.61875 0.06328125 0.21875
13 0.5390625 0.63359375 0.065625 0.21640625
14 0.47890625 0.68046875 0.06015625 0.22109375
15 0.41875 0.6734375 0.0625 0.21640625
16 0.3625 0.6859375 0.0640625 0.21875
17 0.3 0.62421875 0.06953125 0.22578125
17 0.24140625 0.59921875 0.071875 0.22109375
17 0.190625 0.70234375 0.08203125 0.228125
12 0.05078125 0.61875 0.1 0.1859375