10 0.07109375 0.54375 0.0765625 0.4421875
10 0.1375 0.55234375 0.07421875 0.42421875
11 0.20390625 0.54921875 0.0796875 0.43125
12 0.26796875 0.53046875 0.06875 0.4453125
13 0.3328125 0.56484375 0.06015625 0.4421875
21 0.40234375 0.5203125 0.06796875 0.4890625
23 0.4640625 0.5109375 0.05703125 0.478125
1 0.528125 0.534375 0.06015625 0.4453125
2 0.5859375 0.51484375 0.0734375 0.3765625
3 0.65390625 0.509375 0.0640625 0.3953125
3 0.71484375 0.50546875 0.06171875 0.3734375
4 0.784375 0.51640625 0.08203125 0.409375
5 0.83984375 0.50546875 0.08203125 0.35859375
22 0.91953125 0.546875 0.1015625 0.296875