1 0.05625 0.615625 0.06875 0.4109375
2 0.12421875 0.60390625 0.06953125 0.40234375
3 0.190625 0.58515625 0.0703125 0.40625
3 0.25625 0.57734375 0.065625 0.41484375
4 0.3234375 0.575 0.06640625 0.40234375
5 0.3921875 0.57734375 0.06875 0.40625
19 0.4578125 0.5609375 0.06640625 0.390625
19 0.52109375 0.5546875 0.0703125 0.4109375
20 0.5890625 0.55078125 0.06953125 0.3859375
21 0.65625 0.54296875 0.06875 0.40234375
21 0.725 0.53828125 0.06796875 0.40234375
14 0.7921875 0.5328125 0.06796875 0.38203125
14 0.8609375 0.53671875 0.06875 0.390625
15 0.93125 0.5484375 0.0703125 0.390625